10
81
1 2 16
1 4 93
1 5 63
1 6 60
1 7 41
1 8 37
1 9 68
1 10 31
2 1 68
2 3 23
2 4 68
2 6 43
2 7 22
2 8 38
2 10 71
3 1 92
3 2 74
3 4 82
3 5 85
3 6 6
3 7 14
3 8 96
3 9 15
3 10 65
4 1 88
4 2 79
4 3 4
4 5 33
4 6 69
4 7 27
4 8 40
4 10 79
5 1 98
5 2 93
5 3 2
5 4 42
5 7 41
5 8 18
5 10 76
6 1 68
6 2 54
6 3 7
6 4 25
6 5 33
6 7 71
6 8 16
6 9 97
6 10 46
7 1 22
7 2 89
7 3 42
7 4 1
7 5 25
7 6 57
7 9 60
7 10 52
8 1 76
8 2 22
8 3 30
8 4 94
8 5 44
8 6 30
8 7 44
8 9 7
8 10 19
9 1 70
9 2 97
9 3 71
9 4 100
9 5 45
9 7 55
9 8 83
9 10 8
10 1 49
10 2 29
10 4 69
10 5 12
10 6 2
10 7 79
10 8 37
10 9 23