20
343
1 2 16
1 4 93
1 5 63
1 6 60
1 7 41
1 8 37
1 9 68
1 10 31
1 11 68
1 12 3
1 13 70
1 14 57
1 15 30
1 16 20
1 17 99
1 18 71
1 19 92
1 20 74
2 1 97
2 3 85
2 4 6
2 5 14
2 6 96
2 7 15
2 8 65
2 9 88
2 10 79
2 11 4
2 12 100
2 13 77
2 14 13
2 15 95
2 16 71
2 17 68
2 18 3
2 19 53
2 20 81
3 1 66
3 4 30
3 5 98
3 6 76
3 7 68
3 8 54
3 9 7
3 10 25
3 11 33
3 12 20
3 13 9
3 14 50
3 16 46
3 17 22
3 18 89
3 19 42
3 20 1
4 1 25
4 2 57
4 3 28
4 5 33
4 6 29
4 7 75
4 8 96
4 9 36
4 11 44
4 12 30
4 13 44
4 14 39
4 15 5
4 16 89
4 17 18
4 19 71
4 20 100
5 1 45
5 3 55
5 4 83
5 6 8
5 7 49
5 8 29
5 10 69
5 11 12
5 12 2
5 13 79
5 14 37
5 15 23
5 16 17
5 17 25
5 18 25
5 19 53
6 1 69
6 2 32
6 3 34
6 5 100
6 9 14
6 10 96
6 11 85
6 12 85
6 13 37
6 14 57
6 15 88
6 16 73
6 17 37
6 18 88
6 19 14
6 20 56
7 1 22
7 2 12
7 3 6
7 4 51
7 5 21
7 6 70
7 8 85
7 10 51
7 11 23
7 13 99
7 14 91
7 15 10
7 16 37
7 17 95
7 18 70
7 19 51
7 20 43
8 1 94
8 2 68
8 3 62
8 4 60
8 5 3
8 6 22
8 7 29
8 9 59
8 11 54
8 12 34
8 13 91
8 14 47
8 15 1
8 16 98
8 17 4
8 18 98
8 19 87
8 20 97
9 1 58
9 2 61
9 3 61
9 4 28
9 5 57
9 6 98
9 8 3
9 10 82
9 11 60
9 12 35
9 13 16
9 14 30
9 15 86
9 16 36
9 17 39
9 18 90
9 19 93
10 1 30
10 3 42
10 4 33
10 5 61
10 6 62
10 7 91
10 8 68
10 9 91
10 11 15
10 12 59
10 13 1
10 14 95
10 15 79
10 16 91
10 17 52
10 18 94
10 19 13
10 20 56
11 1 13
11 2 70
11 4 42
11 5 88
11 6 67
11 7 57
11 8 61
11 9 6
11 10 19
11 12 59
11 13 90
11 14 79
11 15 72
11 16 60
11 17 26
11 18 34
11 19 94
11 20 100
12 1 70
12 2 95
12 3 32
12 4 91
12 7 22
12 8 92
12 9 32
12 10 41
12 11 99
12 13 17
12 14 40
12 16 81
12 17 71
12 18 80
12 19 37
12 20 84
13 1 58
13 2 12
13 3 37
13 4 6
13 5 45
13 6 35
13 8 15
13 10 19
13 11 23
13 12 31
13 14 94
13 15 44
13 16 14
13 17 63
13 18 20
13 19 95
13 20 36
14 1 54
14 2 29
14 3 11
14 4 37
14 5 91
14 6 5
14 7 34
14 8 74
14 9 6
14 10 4
14 11 96
14 12 21
14 13 64
14 16 61
14 17 71
14 18 43
14 19 80
14 20 85
15 1 35
15 2 73
15 4 48
15 5 74
15 6 23
15 7 83
15 8 5
15 9 99
15 10 79
15 11 63
15 12 49
15 13 73
15 14 36
15 16 48
15 17 70
15 18 4
15 19 8
15 20 7
16 2 9
16 3 92
16 4 16
16 5 90
16 6 11
16 7 10
16 8 79
16 9 82
16 10 90
16 11 48
16 12 32
16 13 82
16 14 80
16 17 14
16 18 82
16 19 21
16 20 82
17 1 97
17 2 23
17 4 33
17 5 7
17 6 9
17 9 84
17 10 78
17 11 33
17 12 67
17 13 83
17 14 87
17 15 91
17 16 77
17 18 26
17 19 26
18 1 19
18 2 29
18 3 11
18 4 26
18 5 38
18 6 23
18 7 58
18 9 70
18 10 50
18 11 40
18 13 94
18 14 77
18 16 88
18 17 58
18 19 42
18 20 99
19 1 77
19 2 29
19 3 9
19 5 56
19 6 46
19 7 98
19 8 28
19 9 94
19 10 35
19 11 86
19 12 62
19 13 42
19 14 51
19 15 100
19 16 74
19 17 52
19 18 64
19 20 38
20 1 72
20 2 57
20 4 53
20 5 70
20 6 84
20 7 1
20 8 68
20 9 33
20 10 76
20 11 13
20 12 37
20 13 45
20 14 15
20 15 27
20 16 40
20 17 53
20 18 91