-1
16
30
22
30
31
25
29
26
31
20
3
20
29
27
20
33
19
35
31
17
-1
14
6
14
18
15
13
10
17
4
16
18
13
11
31
17
3
19
15
24
14
-1
15
13
21
2
10
7
20
14
15
9
16
11
23
14
15
19
1
25
25
19
-1
13
21
13
10
26
31
25
15
28
27
5
30
14
9
13
12
25
26
30
25
-1
8
24
21
18
31
12
2
19
37
22
17
25
25
22
29
41
32
23
36
20
-1
25
17
14
43
32
22
30
39
18
37
21
22
14
24
22
12
6
18
18
26
-1
15
13
26
16
20
15
22
10
29
19
14
18
7
24
21
15
27
3
11
9
-1
21
27
15
5
22
23
1
20
4
5
9
8
27
24
18
22
6
14
12
3
-1
30
18
8
16
26
4
23
7
8
12
11
28
13
22
7
19
26
20
16
21
-1
15
21
1
26
12
15
20
16
13
19
13
29
24
26
12
20
18
9
6
19
-1
14
20
32
10
29
13
14
18
17
44
29
28
23
35
42
22
32
32
36
33
-1
17
40
28
31
36
32
36
29
29
12
25
6
18
25
19
15
22
19
16
20
-1
25
11
14
19
15
19
18
32
17
11
11
12
5
13
9
6
4
19
14
5
-1
10
19
13
14
17
12
23
20
14
26
8
16
8
5
21
26
20
10
23
22
-1
25
9
4
8
7
26
9
16
15
21
11
10
22
19
26
13
23
25
22
20
-1
14
12
21
17
32
23
32
29
7
9
31
26
23
38
19
9
26
36
27
24
-1
26
23
33
19
25
11
26
24
23
13
21
18
31
25
22
20
27
22
34
25
-1
30
12
33
23
9
24
22
30
11
19
16
29
23
24
18
25
20
32
23
24
-1
10
23
13
7
19
19
20
1
16
14
19
13
21
16
15
11
30
20
15
19
-1
