50
2189
1 2 16
1 4 93
1 5 63
1 6 60
1 7 41
1 8 37
1 9 68
1 10 31
1 11 68
1 12 3
1 13 70
1 14 57
1 15 30
1 16 20
1 17 99
1 18 71
1 19 92
1 20 74
1 21 97
1 22 26
1 23 37
1 24 30
1 25 25
1 27 15
1 28 65
1 29 88
1 30 79
1 31 4
1 32 100
1 33 77
1 34 13
1 35 95
1 36 71
1 37 68
1 38 3
1 39 53
1 40 81
1 41 66
1 43 41
1 44 18
1 46 76
1 47 68
1 48 54
1 49 7
1 50 25
2 1 33
2 3 71
2 4 16
2 5 97
2 6 46
2 7 22
2 8 89
2 9 42
2 10 1
2 11 25
2 12 57
2 13 28
2 14 37
2 15 38
2 16 8
2 17 59
2 19 36
2 21 44
2 22 30
2 23 44
2 24 39
2 25 5
2 26 89
2 27 18
2 29 71
2 30 100
2 31 45
2 33 55
2 34 83
2 35 98
2 36 5
2 37 23
2 38 44
2 39 41
2 40 11
2 41 62
2 42 6
2 43 45
2 44 66
2 45 83
2 46 38
2 47 1
2 48 100
2 49 69
2 50 32
3 1 34
3 4 82
3 7 14
3 8 96
3 9 85
3 10 85
3 11 37
3 12 57
3 13 88
3 14 73
3 15 37
3 16 88
3 17 14
3 18 56
3 19 22
3 20 12
3 21 6
3 22 51
3 23 21
3 24 70
3 26 85
3 28 51
3 29 23
3 31 99
3 32 91
3 33 10
3 34 37
3 35 95
3 36 70
3 37 51
3 38 43
3 39 94
3 40 68
3 41 62
3 42 60
3 43 3
3 44 22
3 45 29
3 47 59
3 49 54
3 50 34
4 1 91
4 2 47
4 3 1
4 5 50
4 7 64
4 9 87
4 10 97
4 11 58
4 12 61
4 13 61
4 14 28
4 15 57
4 16 98
4 18 3
4 19 1
4 20 39
4 21 36
4 22 93
4 23 5
4 24 65
4 25 44
4 26 1
4 27 50
4 29 93
4 31 30
4 33 42
4 34 33
4 35 61
4 36 62
4 37 91
4 38 68
4 39 91
4 40 58
4 41 6
4 42 87
4 43 27
4 45 79
4 46 91
4 47 52
4 48 94
4 49 13
4 50 56
5 1 13
5 2 70
5 4 42
5 6 89
5 7 71
5 8 18
5 9 50
5 10 60
5 11 46
5 12 59
5 13 90
5 14 79
5 15 72
5 16 60
5 17 26
5 18 34
5 19 94
5 20 100
5 21 70
5 22 95
5 23 32
5 24 91
5 27 22
5 28 92
5 29 32
5 30 41
5 31 99
5 32 17
5 33 32
5 34 5
5 35 19
5 36 63
5 37 78
5 38 5
5 39 8
5 40 45
5 42 51
5 43 19
5 44 50
5 45 6
5 46 76
5 47 90
5 48 19
5 49 23
5 50 31
6 2 94
6 3 44
6 4 14
6 5 63
6 7 11
6 8 18
6 9 38
6 11 74
6 12 92
6 13 18
6 14 56
6 16 5
6 17 34
6 18 74
6 19 6
6 20 4
6 21 96
6 22 21
6 23 64
6 24 82
6 25 37
6 26 19
6 27 33
6 29 71
6 30 28
6 31 84
6 32 31
6 33 51
6 34 15
6 35 48
6 36 36
6 37 55
6 38 87
6 39 60
6 40 84
6 41 24
6 42 23
6 43 22
6 44 48
6 45 70
6 46 4
6 47 8
6 48 7
6 50 9
7 1 92
7 2 16
7 3 90
7 4 11
7 5 10
7 6 79
7 8 15
7 9 27
7 10 24
7 11 33
7 12 76
7 13 91
7 14 32
7 15 95
7 16 4
7 17 83
7 18 16
7 20 23
7 22 33
7 23 7
7 24 9
7 27 84
7 28 78
7 29 33
7 30 67
7 31 83
7 32 87
7 33 91
7 34 77
7 35 93
7 36 40
7 37 37
7 38 44
7 39 83
7 40 56
7 41 16
7 42 54
7 43 84
7 44 98
7 45 70
7 46 50
7 47 40
7 49 94
7 50 77
8 2 88
8 3 58
8 4 18
8 5 69
8 7 77
8 9 55
8 10 94
8 11 56
8 12 46
8 13 98
8 14 28
8 15 94
8 16 35
8 17 86
8 18 62
8 19 42
8 20 51
8 21 100
8 22 74
8 23 52
8 24 64
8 26 38
8 27 72
8 28 57
8 30 53
8 31 70
8 32 84
8 33 1
8 34 68
8 35 33
8 36 76
8 37 13
8 38 37
8 39 45
8 40 15
8 41 27
8 42 40
8 43 53
8 44 91
8 46 74
8 47 49
8 49 34
9 1 56
9 3 61
9 4 87
9 5 78
9 6 82
9 7 24
9 8 55
9 10 25
9 11 90
9 12 39
9 13 84
9 14 44
9 15 82
9 16 12
9 17 93
9 18 69
9 19 75
9 20 17
9 21 88
9 22 58
9 23 34
9 26 54
9 27 81
9 29 6
9 30 60
9 32 25
9 33 42
9 34 81
9 35 90
9 36 24
9 37 94
9 38 21
9 39 14
9 41 22
9 42 72
9 43 96
9 45 55
9 46 33
9 47 74
9 48 64
9 49 95
9 50 52
10 1 43
10 2 16
10 3 87
10 4 35
10 5 23
10 6 44
10 7 55
10 8 40
10 9 19
10 11 6
10 12 100
10 13 16
10 14 54
10 15 88
10 16 63
10 18 61
10 19 58
10 20 17
10 22 6
10 23 62
10 24 48
10 25 83
10 26 52
10 28 27
10 29 37
10 30 93
10 31 22
10 32 67
10 34 38
10 35 18
10 36 18
10 37 57
10 38 46
10 40 96
10 41 2
10 42 72
10 43 44
10 44 90
10 45 79
10 46 97
10 47 14
10 48 71
10 50 42
11 1 38
11 2 91
11 3 14
11 4 58
11 5 47
11 6 26
11 8 73
11 9 59
11 10 53
11 12 40
11 13 4
11 14 43
11 15 75
11 16 31
11 17 14
11 18 61
11 19 33
11 20 91
11 21 96
11 23 38
11 24 41
11 25 84
11 26 10
11 28 64
11 29 74
11 30 24
11 31 52
11 32 5
11 33 3
11 34 92
11 35 85
11 36 20
11 37 29
11 38 20
11 39 24
11 40 40
11 41 89
11 43 99
11 44 53
11 45 96
11 46 80
11 47 99
11 48 79
11 49 98
11 50 73
12 1 13
12 2 1
12 3 33
12 4 52
12 5 50
12 6 7
12 7 26
12 8 98
12 9 16
12 10 15
12 11 1
12 13 50
12 14 35
12 15 86
12 16 87
12 17 93
12 18 70
12 19 67
12 20 34
12 21 48
12 22 1
12 23 30
12 24 9
12 26 83
12 27 21
12 28 66
12 31 9
12 32 4
12 33 33
12 34 11
12 35 97
12 36 97
12 37 66
12 38 62
12 39 88
12 40 82
12 41 80
12 42 94
12 43 36
12 44 43
12 45 64
12 46 1
12 47 35
12 48 51
12 50 81
13 3 83
13 4 24
13 5 52
13 6 66
13 7 14
13 8 78
13 9 65
13 10 8
13 11 41
13 12 88
13 14 40
13 15 15
13 16 19
13 18 65
13 19 1
13 20 36
13 21 58
13 22 30
13 23 93
13 24 50
13 25 41
13 26 56
13 27 26
13 28 61
13 29 58
13 30 84
13 31 27
13 33 79
13 34 71
13 35 21
13 36 61
13 37 68
13 38 93
13 39 54
13 40 63
13 41 99
13 42 77
13 43 4
13 44 74
13 45 24
13 46 45
13 47 13
13 48 48
13 49 35
13 50 43
14 1 39
14 2 59
14 4 56
14 5 81
14 6 4
14 7 1
14 8 13
14 9 60
14 10 95
14 11 37
14 13 15
14 15 49
14 16 10
14 17 33
14 18 34
14 19 28
14 20 32
14 21 42
14 22 59
14 23 2
14 24 68
14 26 39
14 28 63
14 29 49
14 30 8
14 31 70
14 32 40
14 33 86
14 35 55
14 36 44
14 37 22
14 38 21
14 40 48
14 41 62
14 43 92
14 44 21
14 45 43
14 47 35
14 48 95
14 49 45
14 50 85
15 1 26
15 2 3
15 4 87
15 5 50
15 6 57
15 8 73
15 9 58
15 10 38
15 12 95
15 13 83
15 14 70
15 16 85
15 17 25
15 18 37
15 19 43
15 20 24
15 21 12
15 22 61
15 24 48
15 25 82
15 26 18
15 27 2
15 28 79
15 29 67
15 30 62
15 31 37
15 32 100
15 34 40
15 35 87
15 36 68
15 37 37
15 38 38
15 39 68
15 40 35
15 41 96
15 42 32
15 43 31
15 44 43
15 46 77
15 47 96
15 48 32
15 49 21
16 1 62
16 3 15
16 4 17
16 5 26
16 6 3
16 7 50
16 9 61
16 10 48
16 11 29
16 12 29
16 14 64
16 15 85
16 17 77
16 18 10
16 19 85
16 20 36
16 21 82
16 22 63
16 23 65
16 24 54
16 25 70
16 26 6
16 27 43
16 28 66
16 30 33
16 31 68
16 32 2
16 33 64
16 34 28
16 35 34
16 36 55
16 37 60
16 38 2
16 39 19
16 40 36
16 42 13
16 43 14
16 44 29
16 46 11
16 48 82
17 2 37
17 3 5
17 4 34
17 5 65
17 6 25
17 7 39
17 8 35
17 9 46
17 10 67
17 11 57
17 12 27
17 13 61
17 14 56
17 15 96
17 18 68
17 19 91
17 20 69
17 21 94
17 22 52
17 23 52
17 25 48
17 26 82
17 27 30
17 28 35
17 29 2
17 30 44
17 31 12
17 32 57
17 33 60
17 34 11
17 35 98
17 36 25
17 37 26
17 38 20
17 39 81
17 40 97
17 41 4
17 42 47
17 43 95
17 44 53
17 45 99
17 46 45
17 47 48
17 48 1
17 49 8
17 50 80
18 1 76
18 2 5
18 3 27
18 4 86
18 5 24
18 6 38
18 7 11
18 8 70
18 9 51
18 10 57
18 11 29
18 12 84
18 13 24
18 14 62
18 15 8
18 16 12
18 19 79
18 20 79
18 21 87
18 22 26
18 23 40
18 24 59
18 25 56
18 26 90
18 27 47
18 28 94
18 29 51
18 30 29
18 31 57
18 32 42
18 33 59
18 34 59
18 35 82
18 36 19
18 37 64
18 38 19
18 40 2
18 41 30
18 42 87
18 43 80
18 44 90
18 45 48
18 46 81
18 47 100
18 48 15
18 49 85
18 50 8
19 2 26
19 3 64
19 4 95
19 6 84
19 7 38
19 8 14
19 9 99
19 10 42
19 11 36
19 12 32
19 13 10
19 14 25
19 15 72
19 16 7
19 17 90
19 18 57
19 20 39
19 21 80
19 22 67
19 23 51
19 24 60
19 25 36
19 27 99
19 28 36
19 29 63
19 30 3
19 31 41
19 32 72
19 34 90
19 35 85
19 36 73
19 37 69
19 38 19
19 39 54
19 40 16
19 41 70
19 42 10
19 43 33
19 44 23
19 45 14
19 46 65
19 47 51
19 48 95
19 49 5
19 50 68
20 1 94
20 2 55
20 3 51
20 4 51
20 5 49
20 6 78
20 7 55
20 8 99
20 9 71
20 10 70
20 11 41
20 12 89
20 13 17
20 14 28
20 15 60
20 16 100
20 17 68
20 18 89
20 19 77
20 22 73
20 23 45
20 24 23
20 26 87
20 27 10
20 28 27
20 29 50
20 30 82
20 31 21
20 32 15
20 33 40
20 34 36
20 35 58
20 36 8
20 37 84
20 38 38
20 39 49
20 40 69
20 41 50
20 42 60
20 43 22
20 44 76
20 45 63
20 46 98
20 48 29
20 49 67
20 50 67
21 2 10
21 3 47
21 4 3
21 5 97
21 6 75
21 7 61
21 9 64
21 10 40
21 11 50
21 13 5
21 14 14
21 16 88
21 17 57
21 18 49
21 19 55
21 20 10
21 22 81
21 23 33
21 24 4
21 25 61
21 26 53
21 27 41
21 28 49
21 29 49
21 30 55
21 31 64
21 32 43
21 33 55
21 34 65
21 35 78
21 36 5
21 37 76
21 38 61
21 40 43
21 42 20
21 43 94
21 44 49
21 45 88
21 46 30
21 47 84
21 48 38
21 49 37
21 50 31
22 1 26
22 2 74
22 3 86
22 4 40
22 5 53
22 6 77
22 7 31
22 8 38
22 9 72
22 12 56
22 13 8
22 14 78
22 15 94
22 17 79
22 18 48
22 19 27
22 20 93
22 23 61
22 24 88
22 25 88
22 26 14
22 27 25
22 28 75
22 29 30
22 30 61
22 31 74
22 32 25
22 33 46
22 34 89
22 35 69
22 36 1
22 37 37
22 38 18
22 39 77
22 40 35
22 42 73
22 43 97
22 44 95
22 47 54
22 48 53
22 49 15
23 1 61
23 2 89
23 3 23
23 4 45
23 5 97
23 6 7
23 7 51
23 8 4
23 9 56
23 11 36
23 13 89
23 14 24
23 15 59
23 16 66
23 18 91
23 19 89
23 20 91
23 21 41
23 22 98
23 24 54
23 25 45
23 26 34
23 27 60
23 28 51
23 29 41
23 30 81
23 31 72
23 33 20
23 34 13
23 35 18
23 36 63
23 37 96
23 39 67
23 40 39
23 41 19
23 42 9
23 43 8
23 44 79
23 45 91
23 46 9
23 47 23
23 48 70
23 49 24
24 1 90
24 2 8
24 3 16
24 4 75
24 5 5
24 6 47
24 7 7
24 8 29
24 10 31
24 11 30
24 12 19
24 13 78
24 14 45
24 15 71
24 16 27
24 17 73
24 18 80
24 20 92
24 21 74
24 22 3
24 23 73
24 25 75
24 26 44
24 27 48
24 28 23
24 29 5
24 30 99
24 32 94
24 33 68
24 34 55
24 35 73
24 36 47
24 37 43
24 38 90
24 39 64
24 40 68
24 41 66
24 42 7
24 43 21
24 44 89
24 45 29
24 46 70
24 48 92
24 49 33
24 50 96
25 1 15
25 2 80
25 3 38
25 5 74
25 6 5
25 8 36
25 9 50
25 10 54
25 11 40
25 12 92
25 13 65
25 14 56
25 15 52
25 16 78
25 17 82
25 18 90
25 19 47
25 20 95
25 21 76
25 22 5
25 23 96
25 24 70
25 26 81
25 27 58
25 29 82
25 30 3
25 31 25
25 32 48
25 33 62
25 34 19
25 35 41
25 36 17
25 37 97
25 38 6
25 39 97
25 40 76
25 41 54
25 42 26
25 43 73
25 44 77
25 45 27
25 46 95
25 47 97
25 48 97
25 49 64
25 50 41
26 1 19
26 2 44
26 3 84
26 4 2
26 5 88
26 6 63
26 7 52
26 8 67
26 9 51
26 10 38
26 11 30
26 12 5
26 13 9
26 14 56
26 15 64
26 16 78
26 17 10
26 18 13
26 19 91
26 20 42
26 21 40
26 23 94
26 24 54
26 25 9
26 27 42
26 28 93
26 29 47
26 30 20
26 31 90
26 32 50
26 33 91
26 34 84
26 35 89
26 36 97
26 37 72
26 38 25
26 40 44
26 41 63
26 42 4
26 45 98
26 49 57
26 50 68
27 1 87
27 2 78
27 3 9
27 4 97
27 5 50
27 6 39
27 8 47
27 9 91
27 10 47
27 11 15
27 12 53
27 13 31
27 14 91
27 15 87
27 16 88
27 17 26
27 18 61
27 19 43
27 20 25
27 21 70
27 22 84
27 23 25
27 24 89
27 26 39
27 28 77
27 29 99
27 30 71
27 31 33
27 33 22
27 34 54
27 35 27
27 36 53
27 37 33
27 38 37
27 39 13
27 41 65
27 42 64
27 43 8
27 44 29
27 45 34
27 46 60
27 48 47
27 49 73
27 50 83
28 1 76
28 2 40
28 3 55
28 4 62
28 5 42
28 6 76
28 7 87
28 8 99
28 9 46
28 10 30
28 11 26
28 12 36
28 13 31
28 14 91
28 16 33
28 17 8
28 18 94
28 19 44
28 20 90
28 21 19
28 23 24
28 24 98
28 25 75
28 26 66
28 27 50
28 29 57
28 30 16
28 31 77
28 32 12
28 33 3
28 34 78
28 36 12
28 38 7
28 39 75
28 40 54
28 41 68
28 42 70
28 43 47
28 44 25
28 45 80
28 46 26
28 47 37
28 48 16
28 49 10
29 1 2
29 2 21
29 3 91
29 4 89
29 5 13
29 6 92
29 7 17
29 8 5
29 9 72
29 10 82
29 11 91
29 12 3
29 13 34
29 14 12
29 15 47
29 16 90
29 17 74
29 18 71
29 19 86
29 20 38
29 23 54
29 24 29
29 25 46
29 26 51
29 27 20
29 30 44
29 31 67
29 33 4
29 34 94
29 35 26
29 36 13
29 37 33
29 38 16
29 39 45
29 42 28
29 43 76
29 44 67
29 45 55
29 46 43
29 47 36
29 48 57
29 49 76
29 50 46
30 1 87
30 2 8
30 3 90
30 4 18
30 5 50
30 6 76
30 7 31
30 8 46
30 9 93
30 10 59
30 11 17
30 12 93
30 13 78
30 14 39
30 15 83
30 17 19
30 18 49
30 19 46
30 20 90
30 21 48
30 22 16
30 24 77
30 25 2
30 26 96
30 27 87
30 28 58
30 29 58
30 31 73
30 32 51
30 33 19
30 35 5
30 36 85
30 37 48
30 38 18
30 39 74
30 40 91
30 41 78
30 42 2
30 43 4
30 44 23
30 45 86
30 46 78
30 47 71
30 48 59
30 49 86
30 50 69
31 1 62
31 2 58
31 3 47
31 4 79
31 5 67
31 6 70
31 7 25
31 8 8
31 9 32
31 10 5
31 13 52
31 14 63
31 15 29
31 16 69
31 17 46
31 18 1
31 19 27
31 20 63
31 22 7
31 23 50
31 24 1
31 25 15
31 28 76
31 29 80
31 30 1
31 32 39
31 33 1
31 34 32
31 35 5
31 36 28
31 37 12
31 39 89
31 40 4
31 41 64
31 42 76
31 43 15
31 44 15
31 45 99
31 46 55
31 47 34
31 48 46
31 49 100
31 50 29
32 1 90
32 3 19
32 4 33
32 5 100
32 6 98
32 7 4
32 8 37
32 9 34
32 11 21
32 12 49
32 13 92
32 14 10
32 15 43
32 16 94
32 17 43
32 18 46
32 19 82
32 20 16
32 21 100
32 23 41
32 24 32
32 26 16
32 27 73
32 28 58
32 30 83
32 31 69
32 35 90
32 36 28
32 37 45
32 38 35
32 39 3
32 40 75
32 41 84
32 42 40
32 43 63
32 44 14
32 45 38
32 46 53
32 47 61
32 48 51
32 49 34
32 50 4
33 2 79
33 3 18
33 4 80
33 5 94
33 7 56
33 8 92
33 9 72
33 10 90
33 12 38
33 13 61
33 15 21
33 16 92
33 17 13
33 18 97
33 19 68
33 20 57
33 22 89
33 23 20
33 24 57
33 25 99
33 26 19
33 27 62
33 28 74
33 29 71
33 30 38
33 31 46
33 32 10
33 34 25
33 35 34
33 36 32
33 37 50
33 38 11
33 39 37
33 40 59
33 41 48
33 42 94
33 44 100
33 46 19
33 47 19
33 48 24
33 49 40
33 50 97
34 1 24
34 3 12
34 5 91
34 6 97
34 7 73
34 8 19
34 10 87
34 11 80
34 13 41
34 14 16
34 15 46
34 16 6
34 17 11
34 18 16
34 19 1
34 20 95
34 21 33
34 22 12
34 23 95
34 24 21
34 25 96
34 26 21
34 27 87
34 28 50
34 29 85
34 30 38
34 32 25
34 33 88
34 35 92
34 37 27
34 38 48
34 39 12
34 40 11
34 41 32
34 42 88
34 43 56
34 44 89
34 45 79
34 47 92
34 48 70
34 49 69
34 50 80
35 2 50
35 3 95
35 4 28
35 5 47
35 7 61
35 8 7
35 9 11
35 11 39
35 14 82
35 15 31
35 16 77
35 17 5
35 18 3
35 19 20
35 20 37
35 22 5
35 23 20
35 24 64
35 25 97
35 26 79
35 27 56
35 28 12
35 29 14
35 30 33
35 31 22
35 33 56
35 34 27
35 36 38
35 37 4
35 39 6
35 40 78
35 41 29
35 42 16
35 43 30
35 44 83
35 45 13
35 46 10
35 47 47
35 48 2
35 49 63
35 50 37
36 1 4
36 2 87
36 3 27
36 5 82
36 6 95
36 7 56
36 8 54
36 11 64
36 12 59
36 13 88
36 14 68
36 15 84
36 16 8
36 17 54
36 18 17
36 19 62
36 20 11
36 21 100
36 23 49
36 24 36
36 25 56
36 26 91
36 27 98
36 28 51
36 29 19
36 30 32
36 31 42
36 32 41
36 33 27
36 34 75
36 35 88
36 37 33
36 38 30
36 39 32
36 40 50
36 41 82
36 42 23
36 43 16
36 44 94
36 45 69
36 46 56
36 47 92
36 48 57
36 49 72
36 50 46
37 2 28
37 3 3
37 5 60
37 6 29
37 7 86
37 8 86
37 9 18
37 10 31
37 11 76
37 12 23
37 13 50
37 14 52
37 15 21
37 16 84
37 17 14
37 19 30
37 20 47
37 21 78
37 22 5
37 23 27
37 24 29
37 25 32
37 26 5
37 28 97
37 29 42
37 30 71
37 31 18
37 32 47
37 33 51
37 34 30
37 35 58
37 36 89
37 38 31
37 39 79
37 40 20
37 41 43
37 42 60
37 43 58
37 44 60
37 45 89
37 46 46
37 47 87
37 48 31
37 49 63
38 1 64
38 2 6
38 3 17
38 4 74
38 5 85
38 6 74
38 7 71
38 8 9
38 9 40
38 10 54
38 11 52
38 12 94
38 13 60
38 14 10
38 15 20
38 16 57
38 17 68
38 18 33
38 19 53
38 20 46
38 22 42
38 23 87
38 24 46
38 25 7
38 26 78
38 27 87
38 29 33
38 30 31
38 31 16
38 32 6
38 33 99
38 34 85
38 35 82
38 36 41
38 37 18
38 39 1
38 40 85
38 43 89
38 44 28
38 45 37
38 46 4
38 47 47
38 48 70
38 50 68
39 1 23
39 2 84
39 3 83
39 4 23
39 6 85
39 7 73
39 8 97
39 9 55
39 10 52
39 11 71
39 12 94
39 13 29
39 14 11
39 15 85
39 16 86
39 17 75
39 18 67
39 19 58
39 20 69
39 21 96
39 23 41
39 24 69
39 25 32
39 27 61
39 28 7
39 29 25
39 30 92
39 31 65
39 32 90
39 33 37
39 34 77
39 35 97
39 36 80
39 37 48
39 38 53
39 40 20
39 41 63
39 42 28
39 43 69
39 44 5
39 45 33
39 46 81
39 47 61
39 48 60
39 49 12
39 50 95
40 1 25
40 2 57
40 4 66
40 5 70
40 6 2
40 7 35
40 8 47
40 9 6
40 10 69
40 11 63
40 12 87
40 13 96
40 14 12
40 15 8
40 16 68
40 17 79
40 18 1
40 20 3
40 21 23
40 22 37
40 23 24
40 24 71
40 25 34
40 26 41
40 27 61
40 28 39
40 29 40
40 30 17
40 31 48
40 34 82
40 36 74
40 37 69
40 38 94
40 39 12
40 41 59
40 42 50
40 43 66
40 44 13
40 45 92
40 46 44
40 47 17
40 48 37
40 49 82
40 50 94
41 1 17
41 2 78
41 3 77
41 4 41
41 5 48
41 6 35
41 7 25
41 8 60
41 9 35
41 10 50
41 11 81
41 12 1
41 13 81
41 14 96
41 15 94
41 16 61
41 17 9
41 18 67
41 20 27
41 21 28
41 22 61
41 24 51
41 25 82
41 26 5
41 27 28
41 28 37
41 29 70
41 30 15
41 31 93
41 32 21
41 33 81
41 35 49
41 36 30
41 37 87
41 38 66
41 39 54
41 40 75
41 42 65
41 43 94
41 44 97
41 45 96
41 46 44
41 47 26
41 48 64
41 49 29
41 50 34
42 1 8
42 2 97
42 3 30
42 4 35
42 5 20
42 6 49
42 7 62
42 8 46
42 11 20
42 12 30
42 13 92
42 14 19
42 15 92
42 16 13
42 17 77
42 18 84
42 19 69
42 20 16
42 21 44
42 22 4
42 23 72
42 24 88
42 25 33
42 26 64
42 27 14
42 28 64
42 29 23
42 30 79
42 31 20
42 32 33
42 33 52
42 34 43
42 36 82
42 38 91
42 39 59
42 40 14
42 41 86
42 43 83
42 44 74
42 45 41
42 46 74
42 47 92
42 49 4
42 50 36
43 1 48
43 2 58
43 3 94
43 4 76
43 6 80
43 7 17
43 8 95
43 10 77
43 11 60
43 12 4
43 13 74
43 14 44
43 15 45
43 16 95
43 17 26
43 18 42
43 19 37
43 20 22
43 21 63
43 22 39
43 23 14
43 25 95
43 26 91
43 27 85
43 28 10
43 29 52
43 30 88
43 31 61
43 33 20
43 34 93
43 35 44
43 36 90
43 37 80
43 39 63
43 40 33
43 41 90
43 42 82
43 44 81
43 45 94
43 46 42
43 49 80
43 50 11
44 1 26
44 2 2
44 3 82
44 4 48
44 5 75
44 6 77
44 7 93
44 8 83
44 9 50
44 10 13
44 12 76
44 13 29
44 14 10
44 16 78
44 17 48
44 18 68
44 20 41
44 21 44
44 22 68
44 23 61
44 24 35
44 25 72
44 26 15
44 27 45
44 28 92
44 30 41
44 31 81
44 32 76
44 33 43
44 34 56
44 35 90
44 36 61
44 37 28
44 38 72
44 39 63
44 40 73
44 41 69
44 42 4
44 43 70
44 45 73
44 46 14
44 47 26
44 48 53
44 49 24
44 50 38
45 1 62
45 2 30
45 3 85
45 4 54
45 6 14
45 7 27
45 8 5
45 9 57
45 10 33
45 11 70
45 13 37
45 14 35
45 15 55
45 16 45
45 17 58
45 18 37
45 19 41
45 20 97
45 21 29
45 23 39
45 24 27
45 27 91
45 28 94
45 29 62
45 30 2
45 31 94
45 32 32
45 34 78
45 35 28
45 36 61
45 37 54
45 38 45
45 39 90
45 40 51
45 41 4
45 42 97
45 43 81
45 44 62
45 46 93
45 49 18
45 50 68
46 1 35
46 3 93
46 4 97
46 5 45
46 6 25
46 7 87
46 8 47
46 9 90
46 10 59
46 11 27
46 12 61
46 13 59
46 14 43
46 15 46
46 16 82
46 17 59
46 18 37
46 19 8
46 20 47
46 21 83
46 22 19
46 23 13
46 24 1
46 25 70
46 26 65
46 27 20
46 28 50
46 29 45
46 30 11
46 31 100
46 32 18
46 33 55
46 34 5
46 35 14
46 36 76
46 37 19
46 38 29
46 39 4
46 40 86
46 41 28
46 42 14
46 43 98
46 44 96
46 47 14
46 49 32
46 50 59
47 1 63
47 2 5
47 3 33
47 4 83
47 5 69
47 6 58
47 7 50
47 8 16
47 9 18
47 10 77
47 12 11
47 13 67
47 14 52
47 15 34
47 16 2
47 17 11
47 18 13
47 20 53
47 21 43
47 22 91
47 23 1
47 24 68
47 25 19
47 27 11
47 28 89
47 29 80
47 30 77
47 31 29
47 32 23
47 33 13
47 34 14
47 35 81
47 36 99
47 37 2
47 38 7
47 39 27
47 40 6
47 41 17
47 42 20
47 43 100
47 44 50
47 45 85
47 48 26
47 49 63
47 50 93
48 1 50
48 2 35
48 3 49
48 4 38
48 5 39
48 6 53
48 7 47
48 8 43
48 9 88
48 10 44
48 11 74
48 12 14
48 14 95
48 15 32
48 16 70
48 17 74
48 18 20
48 19 14
48 20 1
48 21 97
48 22 22
48 23 35
48 24 52
48 25 95
48 26 11
48 27 54
48 28 4
48 29 21
48 30 13
48 31 37
48 32 43
48 33 41
48 34 95
48 35 98
48 36 68
48 37 62
48 38 11
48 39 41
48 40 4
48 41 21
48 42 98
48 43 47
48 44 61
48 46 45
48 47 13
48 49 48
48 50 45
49 1 62
49 2 91
49 3 9
49 4 70
49 5 71
49 6 66
49 7 11
49 8 23
49 9 100
49 11 89
49 12 50
49 13 93
49 14 53
49 15 22
49 16 92
49 17 58
49 18 68
49 19 42
49 20 93
49 21 81
49 22 97
49 23 96
49 24 99
49 25 55
49 26 63
49 27 78
49 28 91
49 30 89
49 31 82
49 32 62
49 34 3
49 35 5
49 36 60
49 37 88
49 38 55
49 39 84
49 40 79
49 41 68
49 42 49
49 43 62
49 44 71
49 45 75
49 46 30
49 48 36
49 50 86
50 1 27
50 2 61
50 3 11
50 4 97
50 6 6
50 7 39
50 8 97
50 9 100
50 10 58
50 11 95
50 12 74
50 14 94
50 15 88
50 17 81
50 18 35
50 19 15
50 20 24
50 21 25
50 22 88
50 23 18
50 24 8
50 25 53
50 26 41
50 27 78
50 28 72
50 29 57
50 30 37
50 31 69
50 32 59
50 33 95
50 34 4
50 36 1
50 37 93
50 38 70
50 39 93
50 40 1
50 41 90
50 42 58
50 44 18
50 46 97
50 47 73
50 48 3
50 49 86