100
8830
1 2 16
1 4 93
1 5 63
1 6 60
1 7 41
1 8 37
1 9 68
1 10 31
1 11 68
1 12 3
1 13 70
1 14 57
1 15 30
1 16 20
1 17 99
1 18 71
1 19 92
1 20 74
1 21 97
1 22 26
1 23 37
1 24 30
1 25 25
1 27 15
1 28 65
1 29 88
1 30 79
1 31 4
1 32 100
1 33 77
1 34 13
1 35 95
1 36 71
1 37 68
1 38 3
1 39 53
1 40 81
1 41 66
1 43 41
1 44 18
1 46 76
1 47 68
1 48 54
1 49 7
1 50 25
1 51 33
1 52 20
1 53 9
1 54 50
1 56 46
1 57 22
1 58 89
1 59 42
1 60 1
1 61 25
1 62 57
1 63 28
1 64 37
1 65 38
1 66 8
1 67 59
1 69 36
1 71 44
1 72 30
1 73 44
1 74 39
1 75 5
1 76 89
1 77 18
1 79 71
1 80 100
1 81 45
1 83 55
1 84 83
1 85 98
1 86 5
1 87 23
1 88 44
1 89 41
1 90 11
1 91 62
1 92 6
1 93 45
1 94 66
1 95 83
1 96 38
1 97 1
1 98 100
1 99 69
1 100 32
2 1 34
2 3 100
2 4 97
2 5 14
2 6 96
2 7 85
2 8 85
2 9 37
2 10 57
2 11 88
2 12 73
2 13 37
2 14 88
2 15 14
2 16 56
2 17 22
2 18 12
2 19 6
2 20 51
2 21 21
2 22 70
2 24 85
2 26 51
2 27 23
2 29 99
2 30 91
2 31 10
2 32 37
2 33 95
2 34 70
2 35 51
2 36 43
2 37 94
2 38 68
2 39 62
2 40 60
2 41 3
2 42 22
2 43 29
2 45 59
2 47 54
2 48 34
2 49 91
2 50 47
2 51 1
2 52 98
2 53 4
2 54 98
2 55 87
2 56 97
2 57 58
2 58 61
2 59 61
2 60 28
2 61 57
2 62 98
2 64 3
2 65 1
2 66 39
2 67 36
2 68 93
2 69 5
2 70 65
2 71 44
2 72 1
2 73 50
2 75 93
2 77 30
2 79 42
2 80 33
2 81 61
2 82 62
2 83 91
2 84 68
2 85 91
2 86 58
2 87 6
2 88 87
2 89 27
2 91 79
2 92 91
2 93 52
2 94 94
2 95 13
2 96 56
2 97 13
2 98 70
2 100 42
3 1 88
3 2 67
3 4 18
3 5 50
3 6 60
3 7 46
3 8 59
3 9 90
3 10 79
3 11 72
3 12 60
3 13 26
3 14 34
3 15 94
3 16 100
3 17 70
3 18 95
3 19 32
3 20 91
3 23 22
3 24 92
3 25 32
3 26 41
3 27 99
3 28 17
3 29 32
3 30 5
3 31 19
3 32 63
3 33 78
3 34 5
3 35 8
3 36 45
3 38 51
3 39 19
3 40 50
3 41 6
3 42 76
3 43 90
3 44 19
3 45 23
3 46 31
3 48 94
3 49 44
3 50 14
3 51 63
3 52 20
3 53 95
3 54 36
3 55 54
3 56 29
3 57 11
3 58 37
3 59 91
3 60 5
3 61 34
3 62 74
3 63 6
3 64 4
3 65 96
3 66 21
3 67 64
3 68 82
3 69 37
3 70 19
3 71 33
3 73 71
3 74 28
3 75 84
3 76 31
3 77 51
3 78 15
3 79 48
3 80 36
3 81 55
3 82 87
3 83 60
3 84 84
3 85 24
3 86 23
3 87 22
3 88 48
3 89 70
3 90 4
3 91 8
3 92 7
3 94 9
3 95 92
3 96 16
3 97 90
3 98 11
3 99 10
3 100 79
4 1 82
4 2 90
4 3 48
4 5 33
4 6 76
4 7 91
4 8 32
4 9 95
4 10 4
4 11 83
4 12 16
4 14 23
4 16 33
4 17 7
4 18 9
4 21 84
4 22 78
4 23 33
4 24 67
4 25 83
4 26 87
4 27 91
4 28 77
4 29 93
4 30 40
4 31 37
4 32 44
4 33 83
4 34 56
4 35 16
4 36 54
4 37 84
4 38 98
4 39 70
4 40 50
4 41 40
4 43 94
4 44 77
4 46 88
4 47 58
4 48 18
4 49 69
4 51 77
4 52 29
4 53 9
4 55 56
4 56 46
4 57 98
4 58 28
4 59 94
4 60 35
4 61 86
4 62 62
4 63 42
4 64 51
4 65 100
4 66 74
4 67 52
4 68 64
4 70 38
4 71 72
4 72 57
4 74 53
4 75 70
4 76 84
4 77 1
4 78 68
4 79 33
4 80 76
4 81 13
4 82 37
4 83 45
4 84 15
4 85 27
4 86 40
4 87 53
4 88 91
4 90 74
4 91 49
4 93 34
4 95 56
4 97 61
4 98 87
4 99 78
4 100 82
5 1 24
5 2 55
5 3 43
5 4 20
5 6 39
5 7 84
5 8 44
5 9 82
5 10 12
5 11 93
5 12 69
5 13 75
5 14 17
5 15 88
5 16 58
5 17 34
5 20 54
5 21 81
5 23 6
5 24 60
5 26 25
5 27 42
5 28 81
5 29 90
5 30 24
5 31 94
5 32 21
5 33 14
5 35 22
5 36 72
5 37 96
5 39 55
5 40 33
5 41 74
5 42 64
5 43 95
5 44 52
5 45 43
5 46 16
5 47 87
5 48 35
5 49 23
5 50 44
5 51 55
5 52 40
5 53 19
5 54 70
5 55 34
5 57 16
5 58 54
5 59 88
5 60 63
5 62 61
5 63 58
5 64 17
5 66 6
5 67 62
5 68 48
5 69 83
5 70 52
5 72 27
5 73 37
5 74 93
5 75 22
5 76 67
5 78 38
5 79 18
5 80 18
5 81 57
5 82 46
5 84 96
5 85 2
5 86 72
5 87 44
5 88 90
5 89 79
5 90 97
5 91 14
5 92 71
5 94 42
5 95 38
5 96 91
5 97 14
5 98 58
5 99 47
5 100 26
6 2 73
6 3 59
6 4 53
6 5 47
6 7 4
6 8 43
6 9 75
6 10 31
6 11 14
6 12 61
6 13 33
6 14 91
6 15 96
6 17 38
6 18 41
6 19 84
6 20 10
6 22 64
6 23 74
6 24 24
6 25 52
6 26 5
6 27 3
6 28 92
6 29 85
6 30 20
6 31 29
6 32 20
6 33 24
6 34 40
6 35 89
6 37 99
6 38 53
6 39 96
6 40 80
6 41 99
6 42 79
6 43 98
6 44 73
6 45 13
6 46 1
6 47 33
6 48 52
6 49 50
6 50 7
6 51 26
6 52 98
6 53 16
6 54 15
6 55 1
6 57 50
6 58 35
6 59 86
6 60 87
6 61 93
6 62 70
6 63 67
6 64 34
6 65 48
6 66 1
6 67 30
6 68 9
6 70 83
6 71 21
6 72 66
6 75 9
6 76 4
6 77 33
6 78 11
6 79 97
6 80 97
6 81 66
6 82 62
6 83 88
6 84 82
6 85 80
6 86 94
6 87 36
6 88 43
6 89 64
6 90 1
6 91 35
6 92 51
6 94 81
6 97 83
6 98 24
6 99 52
6 100 66
7 1 14
7 2 78
7 3 65
7 4 8
7 5 41
7 6 88
7 8 40
7 9 15
7 10 19
7 12 65
7 13 1
7 14 36
7 15 58
7 16 30
7 17 93
7 18 50
7 19 41
7 20 56
7 21 26
7 22 61
7 23 58
7 24 84
7 25 27
7 27 79
7 28 71
7 29 21
7 30 61
7 31 68
7 32 93
7 33 54
7 34 63
7 35 99
7 36 77
7 37 4
7 38 74
7 39 24
7 40 45
7 41 13
7 42 48
7 43 35
7 44 43
7 45 39
7 46 59
7 48 56
7 49 81
7 50 4
7 51 1
7 52 13
7 53 60
7 54 95
7 55 37
7 57 15
7 58 66
7 59 21
7 60 1
7 61 5
7 62 57
7 63 69
7 64 29
7 65 75
7 66 11
7 67 90
7 68 27
7 69 100
7 70 63
7 71 49
7 72 8
7 73 70
7 74 40
7 75 86
7 77 55
7 78 44
7 79 22
7 80 21
7 82 48
7 83 62
7 85 92
7 86 21
7 87 43
7 89 35
7 90 95
7 91 45
7 92 85
7 93 26
7 94 3
7 96 87
7 97 50
7 98 57
7 100 73
8 1 58
8 2 38
8 4 95
8 5 83
8 6 70
8 7 18
8 9 25
8 10 37
8 11 43
8 12 24
8 13 12
8 14 61
8 16 48
8 17 82
8 18 18
8 19 2
8 20 79
8 21 67
8 22 62
8 23 37
8 24 100
8 26 40
8 27 87
8 28 68
8 29 37
8 30 38
8 31 68
8 32 35
8 33 96
8 34 32
8 35 31
8 36 43
8 38 77
8 39 96
8 40 32
8 41 21
8 43 62
8 45 15
8 46 17
8 47 26
8 48 3
8 49 50
8 51 61
8 52 48
8 53 29
8 54 29
8 56 64
8 57 85
8 59 77
8 60 10
8 61 85
8 62 36
8 63 82
8 64 63
8 65 65
8 66 54
8 67 70
8 68 6
8 69 43
8 70 66
8 72 33
8 73 68
8 74 2
8 75 64
8 76 28
8 77 34
8 78 55
8 79 60
8 80 2
8 81 19
8 82 36
8 84 13
8 85 14
8 86 29
8 88 11
8 90 82
8 94 37
8 95 5
8 96 34
8 97 65
8 98 25
8 99 39
8 100 35
9 1 46
9 2 67
9 3 57
9 4 27
9 5 61
9 6 56
9 7 96
9 10 68
9 11 91
9 12 69
9 13 94
9 14 52
9 15 52
9 17 48
9 18 82
9 19 30
9 20 35
9 21 2
9 22 44
9 23 12
9 24 57
9 25 60
9 26 11
9 27 98
9 28 25
9 29 26
9 30 20
9 31 81
9 32 97
9 33 4
9 34 47
9 35 95
9 36 53
9 37 99
9 38 45
9 39 48
9 40 1
9 41 8
9 42 80
9 43 76
9 44 5
9 45 27
9 46 86
9 47 24
9 48 38
9 49 11
9 50 70
9 51 51
9 52 57
9 53 29
9 54 84
9 55 24
9 56 62
9 57 8
9 58 12
9 60 58
9 61 27
9 62 29
9 63 85
9 64 66
9 65 49
9 66 24
9 67 86
9 69 47
9 70 94
9 71 51
9 72 29
9 73 57
9 74 42
9 75 59
9 76 59
9 77 82
9 78 19
9 79 64
9 80 19
9 82 2
9 83 30
9 84 87
9 85 80
9 86 90
9 87 48
9 88 81
9 89 100
9 90 15
9 91 85
9 92 8
9 94 26
9 95 64
9 96 95
9 98 84
9 99 38
9 100 14
10 1 99
10 2 42
10 3 36
10 4 32
10 5 10
10 6 25
10 7 72
10 8 7
10 9 90
10 11 89
10 12 39
10 13 80
10 14 67
10 15 51
10 16 60
10 17 36
10 19 99
10 20 36
10 21 63
10 22 3
10 23 41
10 24 72
10 26 90
10 27 85
10 28 73
10 29 69
10 30 19
10 31 54
10 32 16
10 33 70
10 34 10
10 35 33
10 36 23
10 37 14
10 38 65
10 39 51
10 40 95
10 41 5
10 42 68
10 43 94
10 44 55
10 45 51
10 46 51
10 47 49
10 48 78
10 49 55
10 50 99
10 51 71
10 52 70
10 53 41
10 54 89
10 55 17
10 56 28
10 57 60
10 58 100
10 59 68
10 60 89
10 61 77
10 62 40
10 63 43
10 65 81
10 66 50
10 68 77
10 69 3
10 70 59
10 71 69
10 72 29
10 73 59
10 74 63
10 75 55
10 76 35
10 77 36
10 78 65
10 79 4
10 80 43
10 81 1
10 82 47
10 83 22
10 84 88
10 85 44
10 86 11
10 87 71
10 90 29
10 91 67
10 92 67
10 94 10
10 95 47
10 96 3
10 97 97
10 98 75
10 99 61
11 1 64
11 2 40
11 3 50
11 5 5
11 6 14
11 8 88
11 9 57
11 10 49
11 12 40
11 14 12
11 15 3
11 16 53
11 17 47
11 18 51
11 19 54
11 20 58
11 21 11
11 22 38
11 23 78
11 24 75
11 25 55
11 26 40
11 27 43
11 28 3
11 29 55
11 30 47
11 32 1
11 33 91
11 34 20
11 35 94
11 36 49
11 37 88
11 38 30
11 39 84
11 40 38
11 41 37
11 42 31
11 43 26
11 44 74
11 45 86
11 46 40
11 47 53
11 48 77
11 49 31
11 50 38
11 51 72
11 54 56
11 55 8
11 56 78
11 57 94
11 59 79
11 60 48
11 61 27
11 62 93
11 64 22
11 65 91
11 66 81
11 67 80
11 68 37
11 69 29
11 70 60
11 71 59
11 72 85
11 73 30
11 74 59
11 75 83
11 76 62
11 77 48
11 78 63
11 79 72
11 80 39
11 81 18
11 82 41
11 83 28
11 84 83
11 85 99
11 87 54
11 88 53
11 89 15
11 91 61
11 92 89
11 93 23
11 94 45
11 95 97
11 96 7
11 97 51
11 98 4
11 99 56
12 1 36
12 3 89
12 4 24
12 5 59
12 6 66
12 8 91
12 9 89
12 10 91
12 11 41
12 13 42
12 14 54
12 15 45
12 16 34
12 17 60
12 18 51
12 19 41
12 20 81
12 21 72
12 23 20
12 24 13
12 25 18
12 26 63
12 27 96
12 29 67
12 30 39
12 31 19
12 32 9
12 33 8
12 34 79
12 35 91
12 36 9
12 37 23
12 38 70
12 39 24
12 41 90
12 42 8
12 43 16
12 44 75
12 45 5
12 46 47
12 47 7
12 48 29
12 50 31
12 51 30
12 52 19
12 53 78
12 54 45
12 55 71
12 56 27
12 57 73
12 58 80
12 60 92
12 61 74
12 62 3
12 63 73
12 64 2
12 65 46
12 66 68
12 67 94
12 68 18
12 69 97
12 72 94
12 73 68
12 74 55
12 75 73
12 76 47
12 77 43
12 78 90
12 79 64
12 80 68
12 81 66
12 82 7
12 83 21
12 84 89
12 85 29
12 86 70
12 88 92
12 89 33
12 90 96
12 91 15
12 92 80
12 93 38
12 95 74
12 96 5
12 98 36
12 99 50
12 100 54
13 1 40
13 2 92
13 3 65
13 4 56
13 5 52
13 6 78
13 7 82
13 8 90
13 9 47
13 10 95
13 11 76
13 12 5
13 14 22
13 15 77
13 16 81
13 17 58
13 19 82
13 20 3
13 21 25
13 22 48
13 23 62
13 24 19
13 25 41
13 26 17
13 27 97
13 28 6
13 29 97
13 30 76
13 31 54
13 32 26
13 33 73
13 34 77
13 35 27
13 36 95
13 37 97
13 38 97
13 39 64
13 40 41
13 41 19
13 42 44
13 43 84
13 44 2
13 45 88
13 46 63
13 47 52
13 48 67
13 49 51
13 50 38
13 51 30
13 52 5
13 53 9
13 54 56
13 55 64
13 56 78
13 57 10
13 58 13
13 59 91
13 60 42
13 61 40
13 63 94
13 64 54
13 65 9
13 66 24
13 67 2
13 69 47
13 70 20
13 71 90
13 72 50
13 73 91
13 74 84
13 75 89
13 76 97
13 77 72
13 78 25
13 80 44
13 81 63
13 82 4
13 85 98
13 89 57
13 90 68
13 91 87
13 92 78
13 93 9
13 94 97
13 95 50
13 96 39
13 98 47
13 99 91
13 100 47
14 1 15
14 2 53
14 3 31
14 4 91
14 5 87
14 6 88
14 7 26
14 8 61
14 9 43
14 10 25
14 11 70
14 12 84
14 13 25
14 15 100
14 16 39
14 17 26
14 18 52
14 20 71
14 21 33
14 23 22
14 24 54
14 25 27
14 26 53
14 27 33
14 28 37
14 29 13
14 31 65
14 32 64
14 33 8
14 34 29
14 35 34
14 36 60
14 38 47
14 39 73
14 40 83
14 41 76
14 42 40
14 43 55
14 44 62
14 45 42
14 46 76
14 47 87
14 48 99
14 49 46
14 50 30
14 51 26
14 52 36
14 53 31
14 54 91
14 56 33
14 57 8
14 58 94
14 59 44
14 60 90
14 61 19
14 63 24
14 64 98
14 65 75
14 66 66
14 67 50
14 68 57
14 69 2
14 70 98
14 71 39
14 72 9
14 73 4
14 74 86
14 75 99
14 76 7
14 77 75
14 78 54
14 79 68
14 80 70
14 81 47
14 82 25
14 83 80
14 84 26
14 85 37
14 86 16
14 87 10
14 89 2
14 90 21
14 91 91
14 92 89
14 93 13
14 94 92
14 95 17
14 96 5
14 97 72
14 98 82
14 99 91
14 100 3
15 1 34
15 2 12
15 3 47
15 4 90
15 5 74
15 6 71
15 7 86
15 8 38
15 11 54
15 12 29
15 13 46
15 14 51
15 16 93
15 17 38
15 18 48
15 19 40
15 20 89
15 21 88
15 22 42
15 23 22
15 24 68
15 25 70
15 26 90
15 28 28
15 29 76
15 30 67
15 31 55
15 32 43
15 33 36
15 34 57
15 35 76
15 36 46
15 37 87
15 38 8
15 39 90
15 40 18
15 41 50
15 42 76
15 43 31
15 44 46
15 45 93
15 46 59
15 47 17
15 48 93
15 49 78
15 50 39
15 51 83
15 53 19
15 54 49
15 55 46
15 56 90
15 57 48
15 58 16
15 60 77
15 61 2
15 62 96
15 63 87
15 64 58
15 65 58
15 66 4
15 67 93
15 68 41
15 69 56
15 70 16
15 71 1
15 73 89
15 74 75
15 75 84
15 77 78
15 78 2
15 79 4
15 80 23
15 81 86
15 82 78
15 83 71
15 84 59
15 85 86
15 86 69
15 87 62
15 88 58
15 89 47
15 90 79
15 91 67
15 92 70
15 93 25
15 94 8
15 95 32
15 96 5
15 99 52
15 100 63
16 1 29
16 2 69
16 3 46
16 4 1
16 5 27
16 6 63
16 8 7
16 9 50
16 10 1
16 11 15
16 14 76
16 15 80
16 17 61
16 18 39
16 19 1
16 20 32
16 21 5
16 22 28
16 23 12
16 25 89
16 26 4
16 27 64
16 28 76
16 29 15
16 30 15
16 31 99
16 32 55
16 33 34
16 34 46
16 35 100
16 36 29
16 37 90
16 39 19
16 40 33
16 41 100
16 42 98
16 43 4
16 44 37
16 45 34
16 47 21
16 48 49
16 49 92
16 50 10
16 51 43
16 52 94
16 53 43
16 54 46
16 55 82
16 56 16
16 57 100
16 59 41
16 60 32
16 62 16
16 63 73
16 64 58
16 66 83
16 67 69
16 68 90
16 69 90
16 70 28
16 71 45
16 72 35
16 73 3
16 74 75
16 75 84
16 76 40
16 77 63
16 78 14
16 79 38
16 80 53
16 81 61
16 82 51
16 83 34
16 84 4
16 86 79
16 87 18
16 88 80
16 89 94
16 91 56
16 92 92
16 93 72
16 94 90
16 96 38
16 97 61
16 99 21
16 100 92
17 1 13
17 2 97
17 3 68
17 4 57
17 6 89
17 7 20
17 8 57
17 9 99
17 10 19
17 11 62
17 12 74
17 13 71
17 14 38
17 15 46
17 16 10
17 18 25
17 19 34
17 20 32
17 21 50
17 22 11
17 23 37
17 24 59
17 25 48
17 26 94
17 28 100
17 30 19
17 31 19
17 32 24
17 33 40
17 34 97
17 35 24
17 37 12
17 39 91
17 40 97
17 41 73
17 42 19
17 44 87
17 45 80
17 47 41
17 48 16
17 49 46
17 50 6
17 51 11
17 52 16
17 53 1
17 54 95
17 55 33
17 56 12
17 57 95
17 58 21
17 59 96
17 60 21
17 61 87
17 62 50
17 63 85
17 64 38
17 66 25
17 67 88
17 69 92
17 71 27
17 72 48
17 73 12
17 74 11
17 75 32
17 76 88
17 77 56
17 78 89
17 79 79
17 81 92
17 82 70
17 83 69
17 84 80
17 86 50
17 87 95
17 88 28
17 89 47
17 91 61
17 92 7
17 93 11
17 95 39
17 98 82
17 99 31
17 100 77
18 1 5
18 2 3
18 3 20
18 4 37
18 6 5
18 7 20
18 8 64
18 9 97
18 10 79
18 11 56
18 12 12
18 13 14
18 14 33
18 15 22
18 17 56
18 20 66
18 22 38
18 23 17
18 24 24
18 25 87
18 26 52
18 27 84
18 28 57
18 29 23
18 31 22
18 32 63
18 33 1
18 34 69
18 35 44
18 36 30
18 37 81
18 38 16
18 39 73
18 40 47
18 41 64
18 42 46
18 43 97
18 45 64
18 46 59
18 47 88
18 48 68
18 49 84
18 50 8
18 51 54
18 52 17
18 53 62
18 54 11
18 55 100
18 57 49
18 58 36
18 59 56
18 60 91
18 61 98
18 62 51
18 63 19
18 64 32
18 65 42
18 66 41
18 67 27
18 68 75
18 69 88
18 70 84
18 71 66
18 72 64
18 73 23
18 74 50
18 75 95
18 76 16
18 77 82
18 79 69
18 80 56
18 81 92
18 82 57
18 83 72
18 84 46
18 86 28
18 87 3
18 89 60
18 90 29
18 91 86
18 92 86
18 93 18
18 94 31
18 95 76
18 96 23
18 97 50
18 98 52
18 99 21
18 100 84
19 1 14
19 3 30
19 4 47
19 5 78
19 6 5
19 7 27
19 8 29
19 9 32
19 10 5
19 12 97
19 13 42
19 14 71
19 15 18
19 16 47
19 17 51
19 18 30
19 21 77
19 22 55
19 24 32
19 25 85
19 26 41
19 27 77
19 28 32
19 29 61
19 30 76
19 31 74
19 32 2
19 33 56
19 34 74
19 35 80
19 37 91
19 38 67
19 39 98
19 40 11
19 41 86
19 42 12
19 43 13
19 44 69
19 45 94
19 46 25
19 47 85
19 49 60
19 50 10
19 51 20
19 52 57
19 53 68
19 54 33
19 55 53
19 56 46
19 58 42
19 59 87
19 60 46
19 61 7
19 62 78
19 63 87
19 65 33
19 66 31
19 67 16
19 68 6
19 69 99
19 70 85
19 71 82
19 72 41
19 73 18
19 74 56
19 75 10
19 76 99
19 77 89
19 78 28
19 79 37
19 80 4
19 81 47
19 82 70
19 84 68
19 85 23
19 86 84
19 87 83
19 88 23
19 90 85
19 91 73
19 92 97
19 93 55
19 94 52
19 95 71
19 96 94
19 97 29
19 98 11
19 99 85
19 100 86
20 1 75
20 2 67
20 3 58
20 4 69
20 5 96
20 7 41
20 8 69
20 9 32
20 11 61
20 12 7
20 13 25
20 14 92
20 15 65
20 16 90
20 17 37
20 18 77
20 19 97
20 21 77
20 22 37
20 23 95
20 24 20
20 25 63
20 26 28
20 27 69
20 28 5
20 29 33
20 30 81
20 31 61
20 32 60
20 33 12
20 34 95
20 35 25
20 36 57
20 38 66
20 39 70
20 40 2
20 41 35
20 42 47
20 43 6
20 44 69
20 45 63
20 46 87
20 47 96
20 48 12
20 49 8
20 50 68
20 51 79
20 52 1
20 54 3
20 55 23
20 56 37
20 57 24
20 58 71
20 59 34
20 60 41
20 61 61
20 62 39
20 63 40
20 64 17
20 65 48
20 68 82
20 70 74
20 71 69
20 72 94
20 73 12
20 74 24
20 75 9
20 76 100
20 77 65
20 78 55
20 80 44
20 81 17
20 82 37
20 83 82
20 84 94
20 85 17
20 86 78
20 87 77
20 88 41
20 89 48
20 90 35
20 91 25
20 92 60
20 93 35
20 94 50
20 95 81
20 96 1
20 97 81
20 98 96
20 99 94
20 100 61
21 1 9
21 2 67
21 4 27
21 5 28
21 6 61
21 8 51
21 9 82
21 10 5
21 11 28
21 12 37
21 13 70
21 14 15
21 15 93
21 16 21
21 17 81
21 19 49
21 20 30
21 22 73
21 23 42
21 25 50
21 26 73
21 27 46
21 28 43
21 29 84
21 30 58
21 31 6
21 32 60
21 33 32
21 34 25
21 35 11
21 36 11
21 37 28
21 38 73
21 39 70
21 40 65
21 42 53
21 43 12
21 44 95
21 45 20
21 46 30
21 47 92
21 48 19
21 49 92
21 50 13
21 51 77
21 52 84
21 53 69
21 54 16
21 55 44
21 56 4
21 57 72
21 58 88
21 59 33
21 60 64
21 61 14
21 62 64
21 63 23
21 64 79
21 65 20
21 66 33
21 67 52
21 68 43
21 70 82
21 72 91
21 73 59
21 74 14
21 75 86
21 76 77
21 77 11
21 78 48
21 79 57
21 80 54
21 83 4
21 84 36
21 85 48
21 86 58
21 87 94
21 88 76
21 90 80
21 91 17
21 92 95
21 94 77
21 95 60
21 96 4
21 97 74
21 98 44
21 99 45
21 100 95
22 1 26
22 2 42
22 3 37
22 4 22
22 5 63
22 6 39
22 7 14
22 9 95
22 10 91
22 11 85
22 12 10
22 13 52
22 14 88
22 15 61
22 17 20
22 18 93
22 19 44
22 20 90
22 21 80
22 23 63
22 24 33
22 25 90
22 26 82
22 27 32
22 28 51
22 30 42
22 33 80
22 34 11
22 35 26
22 36 2
22 37 82
22 38 48
22 39 75
22 40 77
22 41 93
22 42 83
22 43 50
22 44 13
22 46 76
22 47 29
22 48 10
22 50 78
22 51 48
22 52 68
22 54 41
22 55 44
22 56 68
22 57 61
22 58 35
22 59 72
22 60 15
22 61 45
22 62 92
22 64 41
22 65 81
22 66 76
22 67 43
22 68 56
22 69 90
22 70 61
22 71 28
22 72 72
22 73 63
22 74 73
22 75 69
22 76 4
22 77 70
22 78 61
22 79 56
22 80 79
22 81 97
22 82 61
22 83 8
22 84 2
22 85 42
22 86 67
22 87 17
22 88 40
22 89 42
22 90 82
22 91 80
22 92 53
22 93 58
22 94 90
22 95 37
22 96 35
22 97 55
22 98 45
22 99 58
22 100 37
23 1 41
23 2 97
23 3 29
23 5 39
23 6 27
23 9 91
23 10 94
23 11 62
23 12 2
23 13 94
23 14 32
23 16 78
23 17 28
23 18 61
23 19 54
23 20 45
23 21 90
23 22 51
23 24 40
23 25 40
23 26 37
23 27 14
23 28 93
23 31 18
23 32 68
23 33 35
23 35 93
23 36 97
23 37 45
23 38 25
23 39 87
23 40 47
23 41 90
23 42 59
23 43 27
23 44 61
23 45 59
23 46 43
23 47 46
23 48 82
23 49 59
23 50 37
23 51 8
23 52 47
23 53 83
23 54 19
23 55 13
23 56 1
23 57 70
23 58 65
23 59 20
23 60 50
23 61 45
23 62 11
23 63 100
23 64 18
23 65 55
23 66 5
23 67 14
23 68 76
23 69 19
23 70 29
23 71 4
23 72 86
23 73 28
23 74 14
23 75 98
23 76 96
23 78 57
23 79 84
23 80 3
23 81 83
23 82 39
23 83 24
23 84 3
23 86 26
23 87 65
23 88 7
23 89 63
23 90 47
23 91 1
23 92 83
23 93 21
23 94 44
23 96 44
23 97 22
23 98 86
23 99 92
23 100 55
24 1 1
24 2 1
24 3 35
24 4 56
24 5 51
24 6 97
24 7 11
24 8 89
24 9 80
24 10 77
24 11 29
24 12 23
24 13 13
24 14 14
24 15 81
24 16 99
24 17 2
24 18 7
24 19 27
24 20 6
24 21 17
24 22 20
24 23 100
24 26 21
24 27 99
24 28 26
24 29 63
24 30 93
24 31 50
24 32 35
24 33 49
24 34 38
24 35 39
24 36 53
24 37 47
24 38 43
24 39 88
24 40 44
24 41 74
24 42 14
24 44 95
24 45 32
24 46 70
24 47 74
24 48 20
24 49 14
24 50 1
24 51 97
24 52 22
24 53 35
24 54 52
24 55 95
24 56 11
24 57 54
24 58 4
24 59 21
24 60 13
24 61 37
24 62 43
24 63 41
24 64 95
24 65 98
24 66 68
24 67 62
24 68 11
24 69 41
24 70 4
24 71 21
24 72 98
24 73 47
24 74 61
24 76 45
24 77 13
24 78 26
24 79 37
24 80 77
24 81 32
24 83 9
24 84 70
24 85 71
24 86 66
24 87 11
24 88 23
24 89 100
24 91 89
24 92 50
24 93 93
24 94 53
24 95 22
24 96 92
24 97 58
24 98 68
24 99 42
24 100 93
25 1 81
25 2 97
25 3 96
25 4 99
25 5 55
25 6 63
25 7 78
25 8 91
25 10 89
25 11 82
25 12 62
25 14 3
25 15 5
25 16 60
25 17 88
25 18 55
25 19 84
25 20 79
25 21 68
25 22 49
25 23 62
25 24 71
25 26 38
25 27 97
25 28 36
25 29 91
25 30 26
25 31 4
25 32 23
25 33 71
25 36 6
25 37 39
25 38 97
25 39 100
25 40 58
25 41 95
25 42 74
25 44 94
25 45 88
25 47 81
25 48 35
25 49 15
25 50 24
25 51 25
25 52 88
25 53 18
25 54 8
25 55 53
25 56 41
25 57 78
25 58 72
25 59 57
25 60 37
25 61 69
25 62 59
25 63 95
25 64 4
25 66 1
25 67 93
25 68 70
25 69 93
25 70 1
25 71 90
25 72 58
25 74 18
25 76 97
25 77 73
25 78 3
25 79 86
25 80 49
25 81 78
25 82 40
25 83 58
25 84 56
25 85 25
25 86 83
25 87 88
25 88 93
25 90 78
25 92 3
25 93 33
25 94 50
25 95 95
25 96 15
25 97 84
25 98 98
25 99 88
26 1 69
26 3 54
26 4 27
26 6 37
26 7 41
26 8 53
26 9 89
26 11 46
26 12 34
26 14 65
26 15 30
26 16 49
26 18 65
26 19 73
26 20 86
26 21 31
26 22 49
26 23 47
26 24 43
26 25 8
26 27 11
26 29 47
26 30 87
26 31 67
26 33 14
26 34 29
26 35 89
26 36 35
26 37 45
26 38 82
26 39 77
26 40 75
26 41 61
26 42 27
26 43 26
26 44 50
26 45 56
26 46 15
26 48 90
26 49 71
26 50 47
26 51 21
26 53 65
26 55 56
26 56 30
26 57 68
26 58 21
26 59 26
26 60 48
26 61 69
26 62 31
26 63 20
26 64 36
26 65 73
26 66 100
26 67 93
26 68 92
26 70 69
26 71 16
26 72 37
26 73 67
26 74 38
26 75 73
26 76 45
26 77 44
26 78 36
26 79 79
26 80 15
26 81 35
26 82 59
26 83 85
26 84 86
26 85 45
26 86 71
26 87 99
26 88 67
26 90 69
26 91 35
26 92 69
26 93 28
26 94 64
26 95 49
26 96 94
26 97 64
26 98 14
26 99 80
26 100 46
27 2 31
27 3 51
27 4 30
27 5 94
27 6 94
27 7 87
27 8 2
27 9 15
27 10 46
27 11 44
27 12 88
27 13 52
27 14 80
27 15 59
27 16 71
27 17 62
27 18 100
27 20 57
27 21 55
27 22 98
27 23 85
27 24 88
27 25 19
27 26 77
27 28 35
27 29 24
27 30 66
27 31 22
27 32 28
27 33 77
27 34 13
27 35 1
27 36 71
27 37 48
27 38 47
27 40 67
27 41 32
27 42 5
27 43 33
27 44 9
27 45 22
27 46 74
27 47 44
27 49 98
27 50 41
27 53 16
27 55 94
27 56 78
27 57 87
27 58 60
27 59 85
27 60 28
27 61 23
27 62 11
27 63 58
27 64 73
27 65 74
27 66 9
27 67 80
27 68 15
27 69 72
27 70 10
27 71 99
27 72 29
27 73 49
27 74 82
27 75 60
27 76 77
27 77 10
27 78 72
27 79 94
27 80 50
27 81 80
27 82 37
27 83 9
27 85 31
27 86 90
27 87 67
27 89 75
27 90 65
27 91 79
27 93 17
27 94 8
27 95 30
27 96 38
27 97 58
27 100 59
28 1 38
28 2 89
28 3 85
28 4 30
28 5 7
28 6 73
28 7 47
28 8 78
28 9 74
28 12 6
28 13 43
28 14 45
28 15 25
28 16 58
28 17 12
28 18 40
28 19 89
28 20 92
28 21 39
28 22 44
28 23 86
28 24 21
28 25 39
28 26 39
28 30 28
28 32 32
28 34 58
28 36 70
28 37 16
28 39 14
28 41 32
28 42 21
28 43 73
28 44 17
28 45 48
28 46 23
28 47 35
28 48 43
28 49 88
28 50 1
28 51 56
28 52 50
28 53 41
28 54 60
28 55 86
28 56 23
28 57 49
28 58 96
28 59 59
28 60 24
28 61 98
28 62 9
28 63 88
28 64 39
28 65 24
28 66 36
28 67 82
28 68 81
28 69 18
28 70 38
28 71 96
28 72 20
28 73 33
28 74 61
28 75 68
28 76 4
28 77 41
28 78 68
28 79 23
28 80 98
28 81 45
28 82 14
28 84 26
28 85 39
28 86 58
28 87 13
28 89 85
28 90 57
28 91 94
28 92 72
28 93 46
28 94 39
28 96 55
28 98 5
28 99 75
28 100 85
29 1 23
29 2 67
29 4 94
29 5 33
29 7 39
29 8 7
29 9 13
29 10 76
29 11 3
29 12 83
29 13 87
29 14 36
29 15 81
29 16 66
29 17 55
29 18 9
29 19 6
29 20 60
29 21 40
29 22 4
29 23 91
29 24 47
29 25 14
29 26 55
29 27 56
29 28 63
29 30 42
29 31 1
29 32 40
29 33 95
29 34 85
29 35 32
29 36 97
29 38 60
29 39 83
29 41 75
29 42 87
29 43 59
29 44 95
29 45 28
29 46 44
29 47 32
29 48 23
29 49 82
29 50 17
29 51 35
29 52 94
29 53 53
29 54 55
29 55 99
29 56 32
29 57 96
29 58 60
29 59 23
29 60 47
29 61 44
29 62 91
29 63 6
29 64 73
29 66 42
29 67 26
29 68 73
29 70 1
29 72 74
29 73 65
29 75 87
29 76 45
29 77 69
29 78 29
29 79 46
29 80 29
29 82 25
29 83 31
29 84 84
29 85 32
29 87 17
29 88 75
29 89 77
29 91 50
29 92 73
29 93 43
29 95 35
29 96 5
29 97 39
29 98 68
29 99 92
29 100 46
30 1 90
30 2 92
30 4 37
30 6 8
30 7 99
30 8 72
30 9 29
30 10 55
30 11 94
30 12 68
30 13 4
30 14 52
30 15 40
30 17 7
30 19 92
30 20 83
30 21 58
30 22 84
30 24 9
30 25 12
30 26 6
30 27 67
30 28 34
30 29 75
30 31 68
30 32 73
30 33 52
30 34 99
30 36 70
30 37 99
30 38 31
30 39 2
30 40 41
30 41 61
30 42 80
30 43 52
30 44 55
30 45 53
30 46 60
30 47 30
30 48 57
30 49 51
30 50 78
30 52 4
30 53 83
30 54 34
30 55 89
30 57 47
30 58 68
30 59 36
30 60 37
30 61 88
30 62 31
30 64 73
30 65 95
30 66 83
30 67 29
30 68 75
30 69 42
30 70 29
30 71 66
30 72 5
30 73 35
30 74 20
30 75 35
30 77 77
30 79 19
30 80 5
30 81 93
30 82 77
30 83 23
30 84 6
30 85 82
30 86 81
30 87 75
30 88 52
30 89 8
30 90 39
30 91 63
30 92 15
30 93 85
30 94 58
30 95 66
30 96 44
30 97 57
30 98 8
30 99 38
30 100 80
31 1 22
31 2 38
31 3 86
31 4 66
31 5 54
31 8 29
31 9 40
31 10 55
31 11 29
31 13 24
31 14 25
31 15 18
31 16 81
31 17 68
31 19 17
31 20 77
31 21 76
31 22 60
31 23 53
31 24 28
31 25 52
31 26 22
31 27 54
31 28 73
31 29 35
31 32 60
31 33 27
31 34 88
31 35 26
31 36 12
31 37 34
31 38 29
31 39 64
31 40 95
31 41 90
31 42 65
31 43 16
31 44 78
31 45 92
31 46 85
31 47 29
31 48 47
31 49 18
31 50 13
31 52 37
31 55 58
31 56 60
31 57 23
31 58 99
31 59 16
31 60 52
31 61 20
31 62 2
31 63 88
31 64 34
31 65 47
31 66 5
31 67 99
31 68 55
31 69 31
31 70 64
31 71 36
31 74 76
31 75 98
31 76 69
31 78 19
31 79 91
31 80 50
31 81 33
31 82 16
31 83 97
31 84 93
31 85 21
31 86 18
31 87 39
31 88 36
31 89 21
31 90 20
31 91 80
31 92 68
31 93 35
31 94 1
31 95 66
31 97 65
31 98 3
32 1 9
32 2 2
32 3 27
32 4 10
32 5 70
32 6 91
32 7 84
32 8 76
32 9 50
32 11 87
32 12 95
32 13 48
32 14 74
32 15 83
32 16 5
32 17 95
32 18 31
32 19 6
32 20 7
32 21 6
32 22 96
32 23 13
32 24 92
32 25 1
32 26 75
32 27 44
32 28 33
32 29 38
32 31 6
32 33 65
32 34 18
32 35 18
32 36 44
32 37 53
32 38 17
32 39 28
32 40 21
32 41 20
32 42 25
32 43 87
32 45 17
32 46 87
32 47 30
32 48 34
32 49 3
32 50 82
32 51 3
32 52 22
32 53 98
32 54 84
32 55 27
32 56 91
32 58 21
32 59 7
32 61 2
32 64 92
32 65 65
32 66 62
32 67 45
32 68 23
32 69 66
32 70 85
32 73 82
32 74 83
32 75 68
32 76 24
32 77 81
32 78 76
32 79 7
32 82 13
32 83 50
32 84 96
32 85 81
32 86 17
32 87 79
32 88 94
32 89 17
32 90 8
32 91 55
32 92 8
32 93 46
32 94 74
32 95 82
32 96 77
32 97 39
32 98 24
32 99 42
32 100 34
33 1 33
33 2 77
33 3 43
33 4 33
33 5 5
33 6 24
33 7 50
33 8 33
33 9 36
33 10 88
33 11 61
33 13 68
33 14 62
33 15 46
33 16 50
33 17 26
33 18 75
33 21 68
33 23 82
33 24 94
33 25 48
33 26 78
33 27 13
33 28 80
33 29 40
33 30 67
33 31 63
33 32 31
33 34 71
33 35 65
33 36 12
33 37 89
33 38 2
33 39 33
33 40 25
33 41 91
33 42 53
33 43 83
33 44 21
33 45 81
33 47 62
33 48 50
33 49 3
33 50 36
33 51 12
33 52 2
33 53 54
33 54 89
33 55 61
33 56 93
33 57 55
33 58 46
33 59 42
33 60 96
33 61 76
33 62 48
33 63 20
33 64 29
33 65 74
33 66 11
33 67 100
33 68 81
33 69 21
33 70 81
33 71 46
33 72 62
33 73 59
33 74 11
33 75 34
33 76 9
33 77 34
33 78 73
33 79 24
33 80 93
33 81 16
33 82 56
33 83 61
33 84 37
33 85 76
33 86 86
33 87 65
33 88 65
33 89 81
33 90 6
33 91 39
33 92 56
33 93 3
33 94 53
33 95 86
33 97 36
33 98 52
33 100 37
34 1 97
34 2 2
34 3 74
34 4 1
34 5 40
34 6 63
34 7 13
34 8 48
34 10 95
34 11 31
34 12 80
34 14 14
34 15 98
34 16 12
34 17 74
34 18 76
34 19 84
34 20 30
34 21 76
34 22 7
34 23 38
34 24 70
34 25 79
34 26 88
34 28 23
34 32 33
34 33 63
34 35 65
34 36 43
34 37 66
34 39 83
34 40 87
34 41 59
34 42 56
34 43 76
34 44 40
34 45 16
34 48 93
34 49 29
34 50 35
34 52 81
34 53 69
34 56 5
34 57 34
34 58 8
34 59 99
34 60 3
34 61 74
34 62 37
34 64 9
34 65 49
34 66 47
34 67 3
34 68 36
34 69 44
34 70 94
34 72 68
34 73 25
34 74 16
34 75 76
34 76 25
34 77 23
34 78 77
34 79 12
34 80 7
34 81 1
34 82 100
34 83 21
34 84 29
34 85 71
34 86 27
34 87 90
34 88 58
34 89 55
34 90 46
34 91 66
34 92 27
34 93 13
34 94 6
34 96 63
34 97 41
34 99 33
34 100 3
35 1 36
35 3 23
35 4 53
35 5 61
35 6 71
35 7 97
35 8 67
35 9 57
35 12 38
35 14 30
35 15 58
35 17 2
35 18 63
35 19 33
35 20 81
35 22 53
35 23 48
35 24 35
35 25 12
35 26 39
35 27 36
35 28 38
35 29 52
35 30 36
35 31 16
35 32 62
35 33 16
35 34 62
35 36 52
35 37 91
35 38 78
35 39 15
35 40 18
35 41 53
35 42 68
35 43 81
35 44 48
35 45 9
35 46 10
35 47 81
35 48 78
35 49 30
35 50 68
35 51 3
35 52 55
35 53 78
35 54 42
35 55 21
35 56 24
35 57 91
35 58 83
35 59 82
35 60 85
35 61 39
35 62 54
35 63 33
35 64 28
35 65 94
35 66 23
35 67 13
35 68 60
35 69 40
35 70 72
35 71 21
35 72 93
35 73 6
35 75 69
35 76 15
35 77 37
35 78 1
35 79 60
35 80 51
35 81 22
35 82 43
35 83 87
35 84 92
35 85 36
35 86 40
35 87 39
35 88 24
35 89 71
35 90 83
35 91 43
35 92 52
35 93 16
35 94 95
35 96 85
35 97 76
35 98 15
35 99 38
35 100 8
36 1 91
36 2 33
36 3 36
36 4 4
36 6 42
36 7 26
36 9 3
36 10 46
36 11 32
36 12 67
36 13 55
36 14 21
36 15 7
36 16 51
36 17 92
36 18 69
36 19 70
36 20 36
36 21 92
36 22 56
36 23 9
36 24 99
36 26 56
36 27 7
36 28 50
36 29 19
36 32 60
36 33 53
36 34 82
36 35 45
36 38 39
36 39 94
36 40 52
36 41 2
36 42 20
36 43 11
36 44 37
36 45 55
36 46 80
36 47 66
36 48 98
36 49 58
36 52 71
36 53 26
36 55 20
36 56 7
36 57 97
36 58 69
36 59 85
36 60 91
36 61 1
36 62 92
36 63 14
36 64 92
36 65 20
36 66 21
36 67 90
36 68 17
36 69 72
36 70 94
36 71 23
36 72 51
36 73 82
36 74 65
36 75 75
36 77 72
36 78 61
36 79 78
36 80 1
36 82 24
36 83 53
36 84 77
36 85 14
36 86 95
36 87 94
36 88 66
36 89 78
36 90 55
36 91 7
36 92 5
36 93 24
36 94 94
36 95 48
36 96 15
36 97 59
36 98 69
36 99 60
36 100 77
37 1 72
37 2 69
37 3 67
37 4 94
37 5 31
37 6 69
37 7 15
37 8 100
37 9 93
37 10 98
37 11 19
37 12 4
37 13 22
37 15 38
37 16 68
37 17 37
37 18 3
37 19 54
37 21 6
37 22 88
37 24 54
37 25 3
37 26 10
37 27 72
37 28 37
37 30 41
37 31 46
37 32 93
37 33 52
37 34 43
37 35 96
37 36 51
37 39 91
37 40 57
37 41 12
37 42 20
37 43 82
37 44 90
37 45 44
37 46 15
37 47 2
37 48 82
37 49 86
37 50 70
37 51 1
37 52 72
37 54 82
37 55 23
37 56 18
37 57 32
37 58 85
37 59 66
37 60 4
37 61 25
37 62 25
37 63 48
37 64 87
37 65 86
37 66 96
37 67 11
37 68 75
37 70 16
37 71 19
37 72 96
37 73 20
37 74 68
37 75 54
37 76 92
37 77 39
37 78 50
37 79 76
37 80 68
37 81 40
37 83 47
37 84 66
37 85 85
37 86 39
37 87 82
37 88 20
37 89 69
37 90 96
37 91 15
37 92 54
37 93 98
37 94 92
37 95 1
37 96 59
37 97 6
37 98 10
37 99 45
37 100 97
38 1 76
38 2 44
38 3 77
38 4 23
38 5 91
38 6 42
38 9 77
38 10 32
38 11 56
38 12 28
38 13 14
38 14 53
38 15 42
38 16 23
38 17 56
38 18 99
38 19 96
38 20 55
38 21 58
38 22 9
38 23 36
38 24 58
38 25 4
38 27 74
38 28 81
38 29 80
38 30 27
38 31 81
38 32 90
38 33 51
38 34 38
38 35 95
38 36 50
38 37 25
38 39 47
38 42 80
38 43 33
38 44 98
38 45 40
38 46 81
38 47 66
38 48 82
38 49 66
38 50 80
38 52 93
38 53 72
38 54 56
38 55 5
38 56 44
38 57 24
38 58 42
38 59 23
38 60 41
38 61 20
38 62 48
38 63 9
38 64 10
38 65 72
38 66 74
38 67 93
38 68 57
38 69 5
38 70 25
38 71 84
38 72 26
38 73 78
38 74 46
38 75 14
38 76 9
38 77 9
38 79 48
38 80 4
38 81 28
38 82 11
38 83 89
38 84 66
38 85 63
38 86 76
38 87 36
38 88 44
38 89 70
38 90 91
38 91 90
38 92 39
38 93 46
38 94 21
38 95 86
38 96 82
38 97 45
38 98 9
38 99 87
38 100 25
39 1 99
39 2 27
39 3 91
39 4 75
39 5 20
39 6 30
39 7 77
39 8 56
39 9 62
39 10 42
39 11 51
39 13 16
39 14 58
39 15 32
39 18 1
39 19 16
39 20 32
39 21 93
39 22 19
39 23 54
39 24 85
39 25 100
39 26 99
39 27 50
39 28 92
39 29 5
39 30 33
39 31 42
39 32 12
39 33 21
39 34 19
39 35 85
39 36 8
39 37 14
39 38 76
39 40 23
39 41 7
39 42 48
39 43 60
39 44 80
39 45 51
39 46 35
39 47 94
39 48 59
39 49 86
39 50 59
39 51 93
39 52 3
39 53 74
39 54 27
39 56 47
39 57 33
39 58 26
39 59 36
39 60 22
39 61 32
39 62 24
39 63 78
39 64 52
39 65 30
39 66 17
39 67 8
39 68 84
39 69 98
39 70 25
39 71 19
39 72 72
39 73 3
39 76 90
39 77 81
39 78 19
39 81 34
39 82 31
39 83 55
39 84 73
39 85 97
39 86 51
39 87 95
39 88 8
39 89 76
39 90 25
39 91 38
39 92 82
39 93 43
39 95 23
39 96 19
39 97 21
39 98 15
39 100 31
40 2 31
40 3 2
40 4 63
40 6 90
40 8 19
40 9 89
40 10 61
40 11 28
40 12 2
40 13 51
40 14 28
40 15 90
40 16 37
40 17 26
40 18 1
40 19 42
40 20 98
40 21 59
40 22 56
40 23 4
40 24 82
40 25 13
40 27 35
40 28 13
40 29 65
40 30 58
40 33 7
40 34 63
40 35 50
40 36 75
40 37 81
40 38 23
40 39 98
40 41 50
40 43 58
40 44 13
40 46 70
40 47 20
40 48 1
40 50 72
40 52 25
40 53 94
40 54 44
40 55 93
40 57 58
40 58 35
40 59 32
40 61 98
40 62 88
40 63 66
40 64 68
40 65 52
40 66 40
40 67 85
40 69 3
40 70 81
40 71 78
40 72 27
40 73 66
40 74 31
40 75 98
40 76 2
40 77 93
40 78 78
40 79 19
40 80 47
40 81 58
40 82 26
40 83 78
40 84 63
40 85 57
40 86 3
40 87 46
40 88 80
40 89 42
40 90 79
40 91 50
40 92 37
40 93 51
40 94 85
40 96 100
40 97 2
40 99 64
40 100 65
41 1 37
41 2 55
41 3 82
41 5 41
41 6 91
41 7 71
41 8 81
41 9 72
41 11 83
41 12 57
41 13 64
41 14 85
41 15 74
41 16 67
41 17 9
41 18 79
41 19 12
41 20 83
41 21 69
41 22 71
41 23 62
41 24 8
41 25 39
41 26 3
41 27 34
41 28 71
41 29 16
41 31 28
41 32 96
41 33 67
41 34 80
41 35 87
41 36 77
41 37 80
41 38 65
41 39 35
41 40 3
41 42 86
41 43 81
41 44 99
41 45 79
41 46 17
41 48 22
41 49 48
41 50 77
41 51 89
41 52 47
41 53 32
41 54 64
41 55 63
41 57 38
41 58 29
41 60 40
41 61 91
41 62 43
41 63 52
41 64 91
41 65 53
41 66 64
41 68 11
41 69 78
41 70 71
41 71 62
41 72 4
41 73 46
41 74 97
41 75 40
41 76 92
41 77 55
41 78 69
41 79 71
41 80 2
41 81 87
41 82 73
41 83 37
41 84 66
41 85 8
41 86 48
41 87 95
41 88 15
41 89 99
41 90 8
41 91 91
41 92 31
41 94 27
41 95 92
41 96 51
41 97 99
41 98 45
41 99 11
41 100 9
42 1 68
42 2 59
42 4 88
42 5 66
42 6 10
42 7 60
42 8 10
42 9 55
42 11 20
42 12 21
42 13 1
42 14 98
42 15 38
42 16 3
42 17 12
42 18 24
42 19 85
42 20 91
42 21 56
42 22 33
42 23 77
42 24 32
42 25 74
42 26 52
42 27 30
42 28 84
42 29 60
42 30 96
42 31 7
42 32 19
42 33 33
42 34 73
42 35 66
42 36 70
42 37 100
42 38 50
42 39 9
42 40 56
42 41 87
42 43 1
42 44 85
42 45 57
42 46 75
42 47 44
42 48 95
42 49 45
42 50 53
42 51 61
42 52 99
42 53 22
42 54 8
42 56 3
42 57 77
42 58 72
42 59 67
42 60 63
42 61 15
42 64 44
42 65 21
42 67 58
42 69 95
42 70 24
42 71 95
42 72 13
42 73 75
42 74 42
42 75 20
42 76 45
42 77 42
42 78 99
42 79 92
42 81 72
42 82 67
42 83 31
42 84 58
42 85 51
42 86 70
42 89 6
42 90 63
42 91 73
42 92 13
42 93 74
42 94 75
42 95 37
42 96 56
42 97 27
42 98 78
42 99 93
42 100 18
43 2 22
43 3 34
43 4 7
43 5 33
43 6 69
43 7 76
43 8 2
43 9 32
43 10 24
43 11 42
43 12 86
43 13 6
43 14 25
43 16 27
43 17 47
43 18 22
43 19 75
43 20 6
43 21 30
43 22 23
43 23 60
43 24 18
43 25 42
43 26 99
43 27 83
43 28 51
43 29 9
43 31 54
43 32 83
43 33 57
43 34 17
43 35 34
43 36 75
43 37 73
43 38 7
43 39 9
43 40 18
43 41 51
43 42 66
43 44 29
43 45 45
43 46 78
43 47 5
43 49 11
43 50 26
43 51 62
43 52 46
43 53 83
43 54 7
43 55 36
43 56 80
43 57 10
43 58 14
43 59 42
43 60 77
43 62 4
43 63 1
43 64 84
43 65 90
43 66 77
43 67 57
43 68 18
43 69 31
43 70 72
43 71 49
43 72 21
43 73 53
43 74 1
43 75 28
43 76 57
43 77 19
43 78 34
43 79 84
43 80 97
43 81 32
43 82 21
43 83 47
43 84 35
43 85 24
43 86 35
43 87 92
43 88 60
43 89 47
43 90 6
43 91 52
43 93 12
43 94 11
43 95 45
43 96 68
43 97 54
43 98 45
43 99 5
43 100 3
44 1 8
44 2 12
44 3 38
44 4 24
44 6 35
44 8 100
44 9 30
44 10 56
44 11 58
44 12 75
44 13 1
44 14 17
44 15 97
44 16 87
44 18 40
44 19 39
44 20 69
44 21 76
44 23 74
44 24 50
44 25 43
44 26 79
44 27 70
44 29 86
44 30 11
44 31 61
44 32 39
44 34 54
44 35 71
44 36 61
44 37 83
44 38 28
44 40 55
44 41 90
44 42 56
44 43 60
44 45 24
44 46 49
44 47 32
44 48 73
44 50 32
44 51 37
44 52 10
44 53 86
44 55 29
44 57 54
44 58 18
44 59 4
44 60 50
44 61 78
44 62 86
44 63 14
44 64 97
44 65 49
44 66 29
44 67 25
44 68 81
44 69 56
44 70 68
44 71 74
44 72 63
44 74 58
44 76 20
44 77 29
44 78 32
44 79 41
44 81 60
44 82 21
44 83 55
44 84 7
44 85 62
44 86 59
44 87 30
44 88 10
44 89 42
44 91 51
44 92 11
44 93 83
44 94 90
44 95 96
44 96 10
44 97 68
44 98 50
44 99 59
44 100 52
45 2 45
45 3 7
45 4 42
45 5 31
45 6 78
45 7 87
45 8 7
45 9 8
45 10 66
45 11 70
45 12 2
45 13 85
45 14 9
45 15 96
45 16 78
45 17 25
45 18 17
45 19 40
45 20 86
45 21 78
45 22 100
45 23 24
45 24 71
45 25 25
45 26 61
45 27 52
45 28 18
45 30 90
45 31 76
45 32 5
45 33 4
45 34 27
45 35 97
45 36 73
45 37 85
45 39 29
45 40 27
45 41 17
45 42 44
45 43 100
45 44 3
45 46 28
45 47 39
45 48 29
45 49 24
45 50 4
45 51 31
45 52 99
45 53 94
45 54 93
45 56 96
45 57 24
45 58 14
45 59 42
45 61 93
45 62 4
45 64 22
45 66 45
45 67 37
45 68 83
45 69 61
45 70 16
45 71 75
45 72 20
45 73 90
45 74 42
45 76 42
45 77 87
45 80 51
45 81 28
45 82 32
45 83 4
45 84 18
45 85 24
45 86 85
45 87 88
45 88 61
45 90 96
45 91 46
45 92 73
45 93 57
45 94 12
45 95 29
45 96 52
45 97 88
45 98 76
45 99 88
45 100 100
46 1 39
46 2 77
46 3 10
46 4 54
46 5 57
46 7 99
46 8 86
46 9 61
46 10 1
46 11 100
46 12 38
46 13 14
46 14 76
46 15 81
46 16 37
46 17 76
46 18 68
46 19 72
46 21 99
46 22 50
46 23 39
46 24 4
46 25 79
46 26 59
46 27 47
46 28 23
46 29 90
46 30 13
46 31 52
46 32 64
46 33 62
46 34 87
46 35 16
46 36 2
46 38 43
46 39 17
46 40 58
46 41 71
46 42 74
46 43 37
46 44 51
46 45 89
46 47 43
46 48 39
46 49 33
46 50 1
46 52 3
46 53 74
46 54 9
46 55 57
46 56 60
46 58 20
46 59 98
46 61 96
46 62 32
46 63 69
46 64 97
46 65 80
46 66 45
46 67 25
46 68 66
46 70 35
46 71 32
46 73 82
46 74 68
46 75 63
46 76 37
46 77 16
46 78 36
46 79 99
46 80 46
46 81 80
46 83 38
46 84 19
46 85 86
46 86 48
46 87 37
46 89 74
46 90 11
46 91 19
46 92 61
46 93 50
46 94 39
46 96 60
46 97 89
46 98 6
46 99 52
46 100 77
47 1 40
47 2 58
47 3 70
47 4 72
47 5 10
47 6 67
47 7 14
47 8 8
47 9 90
47 10 23
47 11 48
47 12 10
47 13 58
47 14 72
47 15 62
47 16 23
47 17 52
47 19 49
47 20 90
47 21 64
47 22 11
47 23 72
47 24 30
47 25 1
47 26 14
47 27 36
47 28 40
47 29 31
47 30 28
47 31 20
47 32 67
47 34 66
47 35 95
47 36 47
47 38 13
47 39 51
47 40 81
47 41 60
47 42 27
47 43 10
47 45 7
47 46 94
47 48 84
47 49 9
47 50 5
47 51 6
47 52 67
47 53 21
47 54 87
47 55 86
47 56 44
47 58 28
47 59 63
47 60 23
47 61 27
47 62 85
47 64 22
47 65 54
47 66 54
47 67 39
47 68 88
47 69 15
47 70 29
47 72 51
47 73 79
47 74 21
47 75 94
47 76 48
47 79 89
47 80 78
47 81 5
47 83 20
47 84 22
47 85 2
47 86 67
47 87 33
47 89 44
47 90 96
47 92 36
47 93 28
47 94 35
47 95 38
47 96 91
47 97 74
47 98 77
47 99 25
48 1 85
48 2 26
48 4 24
48 5 13
48 6 62
48 7 96
48 8 5
48 9 6
48 10 69
48 11 21
48 12 5
48 13 82
48 14 43
48 15 83
48 16 58
48 17 69
48 18 71
48 19 49
48 20 4
48 22 13
48 23 69
48 24 51
48 25 45
48 26 28
48 27 85
48 28 53
48 29 75
48 31 16
48 32 61
48 33 25
48 34 46
48 35 96
48 36 92
48 37 19
48 38 55
48 39 8
48 40 34
48 41 57
48 42 35
48 43 95
48 44 84
48 45 21
48 46 68
48 47 10
48 49 69
48 50 28
48 51 62
48 52 70
48 53 57
48 54 51
48 55 87
48 56 7
48 57 26
48 58 35
48 60 59
48 61 39
48 62 100
48 63 21
48 64 77
48 65 28
48 66 66
48 67 24
48 69 66
48 70 8
48 71 18
48 73 21
48 74 46
48 75 95
48 76 56
48 78 77
48 81 37
48 82 54
48 84 54
48 85 2
48 87 3
48 88 13
48 89 86
48 90 83
48 91 11
48 92 56
48 93 90
48 94 79
48 95 85
48 96 86
48 97 60
48 98 80
48 99 46
48 100 67
49 2 9
49 3 17
49 4 6
49 5 36
49 6 72
49 7 58
49 8 69
49 9 100
49 10 45
49 13 100
49 14 1
49 15 20
49 16 78
49 18 56
49 19 5
49 21 61
49 22 61
49 23 57
49 24 20
49 25 56
49 26 70
49 27 50
49 28 92
49 29 48
49 30 4
49 31 27
49 32 78
49 33 82
49 34 37
49 36 45
49 37 15
49 38 16
49 40 62
49 41 7
49 43 73
49 44 35
49 45 59
49 47 87
49 48 77
49 50 32
49 51 47
49 52 6
49 53 11
49 54 72
49 55 60
49 56 77
49 57 27
49 58 13
49 59 41
49 60 67
49 61 63
49 62 34
49 63 64
49 64 95
49 65 98
49 66 36
49 68 22
49 69 86
49 70 79
49 71 45
49 72 59
49 73 92
49 74 7
49 76 46
49 77 14
49 78 61
49 79 83
49 80 20
49 81 98
49 82 94
49 83 5
49 85 3
49 86 92
49 87 89
49 88 54
49 89 15
49 91 73
49 92 49
49 93 61
49 94 34
49 95 32
49 96 86
49 97 77
49 98 65
49 99 19
49 100 33
50 1 81
50 2 100
50 3 17
50 4 28
50 5 94
50 6 8
50 7 28
50 8 7
50 9 42
50 10 23
50 11 19
50 12 22
50 13 6
50 14 81
50 15 61
50 17 97
50 19 97
50 20 59
50 21 44
50 22 12
50 23 61
50 24 61
50 25 25
50 27 33
50 28 13
50 29 11
50 30 7
50 31 65
50 34 40
50 35 8
50 36 48
50 37 46
50 38 23
50 39 61
50 40 29
50 41 30
50 42 8
50 43 56
50 44 2
50 45 57
50 46 83
50 47 10
50 49 68
50 51 65
50 52 23
50 53 66
50 55 37
50 56 45
50 57 71
50 58 33
50 59 37
50 60 61
50 61 25
50 62 89
50 63 63
50 64 80
50 65 9
50 67 42
50 68 65
50 69 97
50 70 85
50 72 28
50 73 40
50 74 96
50 76 5
50 77 64
50 78 78
50 79 99
50 80 37
50 82 57
50 83 30
50 84 90
50 85 10
50 86 55
50 87 59
50 88 23
50 89 52
50 90 50
50 91 38
50 92 58
50 94 77
50 95 66
50 96 27
50 97 33
50 98 92
50 99 66
50 100 17
51 1 18
51 2 56
51 3 13
51 4 34
51 5 98
51 6 93
51 7 17
51 9 91
51 10 56
51 11 72
51 12 89
51 13 96
51 14 9
51 15 94
51 17 84
51 18 50
51 19 49
51 20 91
51 22 4
51 24 60
51 25 46
51 26 50
51 27 33
51 28 6
51 29 15
51 30 88
51 31 70
51 32 20
51 33 23
51 34 49
51 35 8
51 36 43
51 37 55
51 38 61
51 39 51
51 40 94
51 41 85
51 42 67
51 43 99
51 44 99
51 45 8
51 46 73
51 47 3
51 48 95
51 49 40
51 50 25
51 52 24
51 53 42
51 54 40
51 55 38
51 56 45
51 57 70
51 58 72
51 60 96
51 61 93
51 62 32
51 63 7
51 64 100
51 65 40
51 66 29
51 67 26
51 68 95
51 69 18
51 70 36
51 71 94
51 72 28
51 73 18
51 74 72
51 75 63
51 76 76
51 77 71
51 78 81
51 79 3
51 80 93
51 81 65
51 82 60
51 83 30
51 84 17
51 85 64
51 86 91
51 87 1
51 88 28
51 89 93
51 90 95
51 91 30
51 92 94
51 93 66
51 94 8
51 95 16
51 96 32
51 97 85
51 98 52
51 99 27
51 100 31
52 1 49
52 2 24
52 3 37
52 4 56
52 5 1
52 6 34
52 7 36
52 8 76
52 11 62
52 12 23
52 13 18
52 14 55
52 15 61
52 16 22
52 17 51
52 18 58
52 19 2
52 20 48
52 21 21
52 22 28
52 23 31
52 24 61
52 25 28
52 27 18
52 28 68
52 29 78
52 30 31
52 31 78
52 32 50
52 33 77
52 34 59
52 35 20
52 36 47
52 38 7
52 39 27
52 40 4
52 41 34
52 43 24
52 45 5
52 46 78
52 48 19
52 49 65
52 50 11
52 51 28
52 53 40
52 54 25
52 55 87
52 56 51
52 58 4
52 59 26
52 60 88
52 61 40
52 62 50
52 63 38
52 64 29
52 65 53
52 66 91
52 67 42
52 69 96
52 70 21
52 72 61
52 73 38
52 74 54
52 75 95
52 76 16
52 77 64
52 78 17
52 79 9
52 80 56
52 81 29
52 82 89
52 83 92
52 84 44
52 85 33
52 86 2
52 87 75
52 88 38
52 89 95
52 90 35
52 91 54
52 92 6
52 93 73
52 95 36
52 96 20
52 97 73
52 98 47
52 99 36
52 100 30
53 1 17
53 2 70
53 3 75
53 4 99
53 5 86
53 6 54
53 7 55
53 8 72
53 9 65
53 10 65
53 11 92
53 12 24
53 13 31
53 14 97
53 15 43
53 17 99
53 18 54
53 19 25
53 21 13
53 22 11
53 23 24
53 24 7
53 26 27
53 27 10
53 28 85
53 29 71
53 30 39
53 31 87
53 32 52
53 35 46
53 36 70
53 37 24
53 38 27
53 39 23
53 40 11
53 41 65
53 42 30
53 43 9
53 44 1
53 45 14
53 46 56
53 47 45
53 48 60
53 49 37
53 50 50
53 51 33
53 52 54
53 54 44
53 55 96
53 56 9
53 57 17
53 58 13
53 59 73
53 60 61
53 61 10
53 62 42
53 63 47
53 65 33
53 67 13
53 68 62
53 69 15
53 70 96
53 71 82
53 72 96
53 73 48
53 74 6
53 75 95
53 76 79
53 77 58
53 79 4
53 80 18
53 82 47
53 83 85
53 84 23
53 85 2
53 86 61
53 87 88
53 88 13
53 89 54
53 90 57
53 91 27
53 92 91
53 93 37
53 94 77
53 95 17
53 96 61
53 97 52
53 98 20
53 99 98
54 1 2
54 2 28
54 3 18
54 5 49
54 6 76
54 7 52
54 8 40
54 9 15
54 10 54
54 11 98
54 12 99
54 13 26
54 14 96
54 16 99
54 17 74
54 18 25
54 19 16
54 20 30
54 21 35
54 22 33
54 23 31
54 24 9
54 25 4
54 26 4
54 27 39
54 28 71
54 29 66
54 30 23
54 31 64
54 32 40
54 33 72
54 34 63
54 35 18
54 36 60
54 37 90
54 38 40
54 39 36
54 40 61
54 41 41
54 43 91
54 44 62
54 45 76
54 46 46
54 47 5
54 48 94
54 49 33
54 50 21
54 51 33
54 52 73
54 53 24
54 55 22
54 56 97
54 57 42
54 58 46
54 60 71
54 61 44
54 62 27
54 64 64
54 65 93
54 66 65
54 67 97
54 68 69
54 69 57
54 70 2
54 71 72
54 72 15
54 73 94
54 74 39
54 75 5
54 76 79
54 77 74
54 78 18
54 79 3
54 80 85
54 81 11
54 82 12
54 84 40
54 85 30
54 86 35
54 87 13
54 88 39
54 89 56
54 90 10
54 91 94
54 92 56
54 93 67
54 94 79
54 95 18
54 97 84
54 98 97
54 99 87
54 100 42
55 1 51
55 2 96
55 4 82
55 5 63
55 6 83
55 8 37
55 9 53
55 10 27
55 11 39
55 12 91
55 13 37
55 14 36
55 17 17
55 18 16
55 19 85
55 21 64
55 22 27
55 23 28
55 25 40
55 26 76
55 27 64
55 28 85
55 30 33
55 31 72
55 32 100
55 33 33
55 34 40
55 35 89
55 36 28
55 37 56
55 38 71
55 39 55
55 41 24
55 42 47
55 43 47
55 44 31
55 45 70
55 46 10
55 47 37
55 48 44
55 49 14
55 50 20
55 54 2
55 56 13
55 57 43
55 58 64
55 59 73
55 60 61
55 61 5
55 62 18
55 63 38
55 64 82
55 65 84
55 66 79
55 67 15
55 69 62
55 70 86
55 71 47
55 72 51
55 73 68
55 74 57
55 75 39
55 76 74
55 78 7
55 79 58
55 80 71
55 81 57
55 82 3
55 83 5
55 85 7
55 86 30
55 87 35
55 88 33
55 89 92
55 91 34
55 92 48
55 93 76
55 95 62
55 96 100
55 97 11
55 98 81
55 99 99
55 100 57
56 1 52
56 2 85
56 3 85
56 4 60
56 5 40
56 7 43
56 8 5
56 9 38
56 10 36
56 11 92
56 12 43
56 13 80
56 14 64
56 15 75
56 16 67
56 17 32
56 18 30
56 19 92
56 21 33
56 22 24
56 23 19
56 24 98
56 25 13
56 26 87
56 27 53
56 28 37
56 29 66
56 30 57
56 31 59
56 35 3
56 40 3
56 41 41
56 42 46
56 43 82
56 44 99
56 45 7
56 46 65
56 47 15
56 49 89
56 50 31
56 51 85
56 52 25
56 53 22
56 54 55
56 55 5
56 58 11
56 59 74
56 60 58
56 61 34
56 62 80
56 63 65
56 64 23
56 66 70
56 67 91
56 68 84
56 70 21
56 71 62
56 73 97
56 74 34
56 76 58
56 77 80
56 78 40
56 79 22
56 80 30
56 82 43
56 83 14
56 84 42
56 85 55
56 86 48
56 87 5
56 88 37
56 89 76
56 90 49
56 92 94
56 93 88
56 94 53
56 95 46
56 96 1
56 97 48
56 98 53
56 99 89
57 1 36
57 2 33
57 5 10
57 6 35
57 7 58
57 8 81
57 9 85
57 10 22
57 11 100
57 12 92
57 13 47
57 14 45
57 15 62
57 19 86
57 20 32
57 21 2
57 22 46
57 23 77
57 24 60
57 25 78
57 26 28
57 27 8
57 28 52
57 29 14
57 30 91
57 31 31
57 32 86
57 33 7
57 34 34
57 35 84
57 38 7
57 40 68
57 41 64
57 45 1
57 46 57
57 47 41
57 48 51
57 49 30
57 50 25
57 51 84
57 52 15
57 53 7
57 54 99
57 55 72
57 56 25
57 59 10
57 61 47
57 62 94
57 64 74
57 65 88
57 66 46
57 67 96
57 68 68
57 70 39
57 71 25
57 73 51
57 75 37
57 76 50
57 77 62
57 78 57
57 79 32
57 80 74
57 81 58
57 82 87
57 83 29
57 84 79
57 85 70
57 86 15
57 87 16
57 88 97
57 89 99
57 90 55
57 91 56
57 92 42
57 93 5
57 94 27
57 95 27
57 96 43
57 97 51
57 98 90
57 99 7
57 100 48
58 1 28
58 2 43
58 3 44
58 5 22
58 7 2
58 9 74
58 10 72
58 11 100
58 12 87
58 14 71
58 15 13
58 16 9
58 17 84
58 18 14
58 19 62
58 20 35
58 21 58
58 22 57
58 25 17
58 26 37
58 27 45
58 28 99
58 29 27
58 30 55
58 31 77
58 32 95
58 33 99
58 34 98
58 36 13
58 38 78
58 39 33
58 40 18
58 41 26
58 42 8
58 43 91
58 44 34
58 45 37
58 46 34
58 47 98
58 48 47
58 49 44
58 50 92
58 51 66
58 52 94
58 53 51
58 54 55
58 55 4
58 56 3
58 57 92
58 59 73
58 60 68
58 61 59
58 62 24
58 63 70
58 64 72
58 65 26
58 66 30
58 67 84
58 68 27
58 69 61
58 70 16
58 71 6
58 72 12
58 73 6
58 74 47
58 75 32
58 76 95
58 77 16
58 78 24
58 80 53
58 81 20
58 82 25
58 83 89
58 84 94
58 85 92
58 86 23
58 87 17
58 88 84
58 89 7
58 90 41
58 91 33
58 92 17
58 93 20
58 94 45
58 95 78
58 96 80
58 97 17
58 98 47
58 99 58
58 100 11
59 2 84
59 3 52
59 4 23
59 5 67
59 7 20
59 8 70
59 9 88
59 10 41
59 11 52
59 12 3
59 14 11
59 15 77
59 16 35
59 17 78
59 19 52
59 20 89
59 21 41
59 22 73
59 24 58
59 25 62
59 26 71
59 27 37
59 28 85
59 29 27
59 30 79
59 31 67
59 32 59
59 33 83
59 34 69
59 35 4
59 36 49
59 37 74
59 38 34
59 39 72
59 40 58
59 41 9
59 42 17
59 43 22
59 46 67
59 47 47
59 48 97
59 49 84
59 50 6
59 51 55
59 52 34
59 53 79
59 54 87
59 55 77
59 56 35
59 58 41
59 60 21
59 62 70
59 63 13
59 64 14
59 65 75
59 67 83
59 68 59
59 70 86
59 71 26
59 72 63
59 73 35
59 74 13
59 75 97
59 76 14
59 77 10
59 78 44
59 79 2
59 80 99
59 81 91
59 82 97
59 84 76
59 85 40
59 86 36
59 87 2
59 88 11
59 89 55
59 90 8
59 91 6
59 92 49
59 93 97
59 94 48
59 95 23
59 96 37
59 97 53
59 98 95
59 99 16
59 100 70
60 1 29
60 2 75
60 3 14
60 4 22
60 5 8
60 6 17
60 8 47
60 9 93
60 10 61
60 11 30
60 14 27
60 15 24
60 16 75
60 17 5
60 18 4
60 19 64
60 20 30
60 21 16
60 23 33
60 24 75
60 25 53
60 26 28
60 27 3
60 30 43
60 31 92
60 32 87
60 33 75
60 34 74
60 35 55
60 36 45
60 38 27
60 39 25
60 40 69
60 41 11
60 42 55
60 43 41
60 44 67
60 45 93
60 46 47
60 48 86
60 49 65
60 50 41
60 51 9
60 52 72
60 53 26
60 55 38
60 56 4
60 57 70
60 58 17
60 59 55
60 61 88
60 62 42
60 63 90
60 64 3
60 66 91
60 67 57
60 68 97
60 69 41
60 70 46
60 71 25
60 72 65
60 73 6
60 74 47
60 75 49
60 76 100
60 77 40
60 78 83
60 80 92
60 81 37
60 83 21
60 84 25
60 86 90
60 87 79
60 88 38
60 89 90
60 90 67
60 91 96
60 92 51
60 93 1
60 94 21
60 95 98
60 96 3
60 97 19
60 99 86
60 100 75
61 1 93
61 3 98
61 4 33
61 5 38
61 6 67
61 7 95
61 9 48
61 10 33
61 11 3
61 12 91
61 13 85
61 14 82
61 15 66
61 16 3
61 17 22
61 18 68
61 19 80
61 20 40
61 22 92
61 23 83
61 24 67
61 25 100
61 27 69
61 28 70
61 29 38
61 30 96
61 31 1
61 32 90
61 33 82
61 34 64
61 35 82
61 36 81
61 38 17
61 40 47
61 41 65
61 42 9
61 44 78
61 45 43
61 46 14
61 47 8
61 48 74
61 49 11
61 50 1
61 51 99
61 52 63
61 53 23
61 55 23
61 56 17
61 57 31
61 58 90
61 59 63
61 60 73
61 62 64
61 63 45
61 64 39
61 65 84
61 66 7
61 67 23
61 70 90
61 72 9
61 73 33
61 74 10
61 75 84
61 76 73
61 77 37
61 78 88
61 79 33
61 80 83
61 81 24
61 82 45
61 83 85
61 84 48
61 85 24
61 86 78
61 87 97
61 88 86
61 89 9
61 91 76
61 92 51
61 93 96
61 94 32
61 95 79
61 96 2
61 97 32
61 98 28
61 99 13
61 100 74
62 1 2
62 2 56
62 3 95
62 4 48
62 5 29
62 6 17
62 7 86
62 9 78
62 10 42
62 11 67
62 12 68
62 13 76
62 14 70
62 15 18
62 16 46
62 17 14
62 18 52
62 19 1
62 20 56
62 22 59
62 23 78
62 24 53
62 25 23
62 26 92
62 27 37
62 28 2
62 29 5
62 31 48
62 32 92
62 33 50
62 34 79
62 35 32
62 36 6
62 37 97
62 38 85
62 39 38
62 40 43
62 41 48
62 42 60
62 43 83
62 44 44
62 45 93
62 46 42
62 47 23
62 48 70
62 49 36
62 51 38
62 52 37
62 53 48
62 54 83
62 56 33
62 57 6
62 58 32
62 59 58
62 60 16
62 61 63
62 63 49
62 64 73
62 65 7
62 66 1
62 67 85
62 68 90
62 69 73
62 71 75
62 72 78
62 73 69
62 74 17
62 76 3
62 77 72
62 78 2
62 79 8
62 80 36
62 81 77
62 82 51
62 83 80
62 84 49
62 86 84
62 87 87
62 88 10
62 89 63
62 90 71
62 91 58
62 92 35
62 93 37
62 94 17
62 96 81
62 97 17
62 98 55
62 99 16
62 100 79
63 1 49
63 2 58
63 3 92
63 4 29
63 5 97
63 6 13
63 7 45
63 8 35
63 9 80
63 10 29
63 11 18
63 12 23
63 13 96
63 14 63
63 16 90
63 17 54
63 18 98
63 19 84
63 20 64
63 21 92
63 22 61
63 23 36
63 24 31
63 25 45
63 26 100
63 27 7
63 28 80
63 29 88
63 30 50
63 31 50
63 32 52
63 33 82
63 35 23
63 36 19
63 37 18
63 38 24
63 39 55
63 40 95
63 41 96
63 42 46
63 43 49
63 44 30
63 45 73
63 46 18
63 47 31
63 48 99
63 49 4
63 50 45
63 51 40
63 52 43
63 53 71
63 54 3
63 55 92
63 56 56
63 57 2
63 58 82
63 59 53
63 60 18
63 61 62
63 62 90
63 64 9
63 65 11
63 66 55
63 67 10
63 68 12
63 69 45
63 70 98
63 71 15
63 72 28
63 73 69
63 74 16
63 75 7
63 76 63
63 77 88
63 78 49
63 79 33
63 80 99
63 81 65
63 82 41
63 83 36
63 86 99
63 88 91
63 89 53
63 90 4
63 91 99
63 92 40
63 93 36
63 94 43
63 95 51
63 97 45
63 98 88
63 99 78
63 100 82
64 1 37
64 2 35
64 4 98
64 5 64
64 6 70
64 7 15
64 8 59
64 9 98
64 10 75
64 11 8
64 13 89
64 14 85
64 16 7
64 17 57
64 18 18
64 19 31
64 20 57
64 21 13
64 23 85
64 24 52
64 25 25
64 26 19
64 27 78
64 28 86
64 29 3
64 30 85
64 31 41
64 32 53
64 33 82
64 34 53
64 35 61
64 36 4
64 37 81
64 39 36
64 40 38
64 41 23
64 42 15
64 43 20
64 44 53
64 45 5
64 46 65
64 47 21
64 49 97
64 50 84
64 51 22
64 52 96
64 53 62
64 54 81
64 55 85
64 56 90
64 57 6
64 58 26
64 59 79
64 60 81
64 61 77
64 62 32
64 63 7
64 65 2
64 66 87
64 67 76
64 68 81
64 70 55
64 72 91
64 73 74
64 75 76
64 76 34
64 77 87
64 78 69
64 79 50
64 80 55
64 81 61
64 82 53
64 83 43
64 84 68
64 85 57
64 86 41
64 87 91
64 88 6
64 89 83
64 90 53
64 91 74
64 92 97
64 93 78
64 94 57
64 95 89
64 96 83
64 97 60
64 98 20
64 99 51
64 100 26
65 1 79
65 2 16
65 3 24
65 4 20
65 5 48
65 6 37
65 7 19
65 8 81
65 9 91
65 10 3
65 11 23
65 12 8
65 13 13
65 14 84
65 15 86
65 17 81
65 18 99
65 19 79
65 20 21
65 21 76
65 22 98
65 23 5
65 24 69
65 25 53
65 26 90
65 27 67
65 28 71
65 29 75
65 30 61
65 31 89
65 32 31
65 33 78
65 34 20
65 35 25
65 36 21
65 38 12
65 39 82
65 40 8
65 41 20
65 43 69
65 44 97
65 45 29
65 46 81
65 47 86
65 48 79
65 49 91
65 51 2
65 52 41
65 53 32
65 54 52
65 55 48
65 56 76
65 57 57
65 58 94
65 59 72
65 60 14
65 61 90
65 63 90
65 64 21
65 67 49
65 68 29
65 69 47
65 70 85
65 71 63
65 72 49
65 73 13
65 74 80
65 75 22
65 76 74
65 77 13
65 78 59
65 79 39
65 80 77
65 81 20
65 83 48
65 84 13
65 85 92
65 86 13
65 87 38
65 89 16
65 90 17
65 91 17
65 92 54
65 93 53
65 94 52
65 95 64
65 96 7
65 97 19
65 98 9
65 99 10
66 1 63
66 2 32
66 3 85
66 4 89
66 6 39
66 7 72
66 8 41
66 9 79
66 10 58
66 11 52
66 12 66
66 13 97
66 14 81
66 15 21
66 16 13
66 17 72
66 18 85
66 19 69
66 21 56
66 22 59
66 23 25
66 24 21
66 26 69
66 27 35
66 28 39
66 29 67
66 30 36
66 31 34
66 32 42
66 33 52
66 34 28
66 35 49
66 36 54
66 37 79
66 38 21
66 39 81
66 40 78
66 41 96
66 42 26
66 43 22
66 44 7
66 47 84
66 48 38
66 49 78
66 51 87
66 52 89
66 53 23
66 54 28
66 55 64
66 57 55
66 58 29
66 59 48
66 60 24
66 61 19
66 62 57
66 63 97
66 64 71
66 65 99
66 67 89
66 68 43
66 69 71
66 70 19
66 71 94
66 72 64
66 73 20
66 75 60
66 76 25
66 77 65
66 78 53
66 80 52
66 81 67
66 82 43
66 83 53
66 84 45
66 85 41
66 87 89
66 88 12
66 89 32
66 90 30
66 91 81
66 92 99
66 93 42
66 94 46
66 95 90
66 96 82
66 97 85
66 98 12
66 99 3
66 100 46
67 1 87
67 2 44
67 3 88
67 4 64
67 5 32
67 7 24
67 8 8
67 9 19
67 11 52
67 12 33
67 13 46
67 14 9
67 15 14
67 16 15
67 17 58
67 18 81
67 19 41
67 20 11
67 21 84
67 22 53
67 23 61
67 24 12
67 26 57
67 28 41
67 30 96
67 31 85
67 32 90
67 33 5
67 34 18
67 35 6
67 36 53
67 37 30
67 38 73
67 39 65
67 40 58
67 41 24
67 42 42
67 43 63
67 44 38
67 45 99
67 46 43
67 47 82
67 48 78
67 49 97
67 51 57
67 52 32
67 53 25
67 54 39
67 55 76
67 56 74
67 57 68
67 58 50
67 59 27
67 60 76
67 63 94
67 64 54
67 65 13
67 66 75
67 68 17
67 70 18
67 71 19
67 72 46
67 73 73
67 74 99
67 75 41
67 76 69
67 77 72
67 78 33
67 79 1
67 80 82
67 81 10
67 82 5
67 83 12
67 85 44
67 86 36
67 87 4
67 88 75
67 89 60
67 90 60
67 91 93
67 92 55
67 93 59
67 94 22
67 95 83
67 96 40
67 97 45
67 98 64
67 99 71
68 1 6
68 2 98
68 4 57
68 5 87
68 6 61
68 7 79
68 8 79
68 9 87
68 11 78
68 12 5
68 13 14
68 14 60
68 15 16
68 16 54
68 17 15
68 18 93
68 19 23
68 20 62
68 21 35
68 23 96
68 24 61
68 25 20
68 26 88
68 27 41
68 28 7
68 29 51
68 31 15
68 32 76
68 34 53
68 35 29
68 36 29
68 37 84
68 38 73
68 39 12
68 40 78
68 41 29
68 42 43
68 43 71
68 44 89
68 45 54
68 46 79
68 47 75
68 48 59
68 49 35
68 50 17
68 51 50
68 52 8
68 53 52
68 54 16
68 55 53
68 56 34
68 57 60
68 58 50
68 59 62
68 60 32
68 61 28
68 62 75
68 63 41
68 64 71
68 65 22
68 66 70
68 67 48
68 69 51
68 70 64
68 72 26
68 73 4
68 74 41
68 75 30
68 76 35
68 77 91
68 78 85
68 79 86
68 80 88
68 81 51
68 82 46
68 83 72
68 84 20
68 85 60
68 86 70
68 87 2
68 88 4
68 89 56
68 90 98
68 91 6
68 92 7
68 93 53
68 94 54
68 95 72
68 96 82
68 97 76
68 98 5
68 99 10
68 100 54
69 1 25
69 3 2
69 4 54
69 5 60
69 6 31
69 7 64
69 9 20
69 12 5
69 14 36
69 15 83
69 16 84
69 17 90
69 18 49
69 19 31
69 20 47
69 21 86
69 22 33
69 23 37
69 24 98
69 25 31
69 26 37
69 27 7
69 28 90
69 29 83
69 30 5
69 31 39
69 32 66
69 33 63
69 34 69
69 35 94
69 36 49
69 37 63
69 38 34
69 39 16
69 40 22
69 41 38
69 42 86
69 43 24
69 44 49
69 45 47
69 48 73
69 49 8
69 50 32
69 51 38
69 52 100
69 53 48
69 55 76
69 56 72
69 57 74
69 58 70
69 59 94
69 60 54
69 61 85
69 63 65
69 64 53
69 66 98
69 67 80
69 68 61
69 70 69
69 72 35
69 73 88
69 74 73
69 75 99
69 76 72
69 77 93
69 78 31
69 80 94
69 81 14
69 82 3
69 83 89
69 84 77
69 85 1
69 86 99
69 87 70
69 88 15
69 89 97
69 90 63
69 91 5
69 92 19
69 93 83
69 94 40
69 96 94
69 97 44
69 98 13
69 99 79
69 100 76
70 1 38
70 2 94
70 3 12
70 4 46
70 5 85
70 6 59
70 7 83
70 8 98
70 9 83
70 10 70
70 11 22
70 12 10
70 13 99
70 14 14
70 15 72
70 16 47
70 17 31
70 18 86
70 19 7
70 20 15
70 21 23
70 22 48
70 23 62
70 24 44
70 26 71
70 27 69
70 28 99
70 29 37
70 30 95
70 32 56
70 33 82
70 34 69
70 35 54
70 36 5
70 37 27
70 38 47
70 39 97
70 40 33
70 41 27
70 42 35
70 43 69
70 45 15
70 46 20
70 47 24
70 48 2
70 49 48
70 50 45
70 51 29
70 52 56
70 53 42
70 55 86
70 56 100
70 57 19
70 58 95
70 59 96
70 60 96
70 62 66
70 63 42
70 64 72
70 65 63
70 66 100
70 67 99
70 68 70
70 69 16
70 71 50
70 72 45
70 73 62
70 74 3
70 75 27
70 76 89
70 77 89
70 78 39
70 80 84
70 81 72
70 82 74
70 83 70
70 84 83
70 85 85
70 86 11
70 87 52
70 88 92
70 90 90
70 91 26
70 92 49
70 94 82
70 95 71
70 96 5
70 97 22
70 98 92
70 99 73
70 100 65
71 3 93
71 4 12
71 5 69
71 6 72
71 8 77
71 9 38
71 10 61
71 11 36
71 12 5
71 13 4
71 14 48
71 15 60
71 16 28
71 17 51
71 18 76
71 19 74
71 20 14
71 21 85
71 22 75
71 23 11
71 24 53
71 25 63
71 26 39
71 27 9
71 28 97
71 30 65
71 32 33
71 33 6
71 36 52
71 37 5
71 39 33
71 40 51
71 42 40
71 43 17
71 44 67
71 45 52
71 46 57
71 47 40
71 48 52
71 49 45
71 50 29
71 51 79
71 52 98
71 53 9
71 54 88
71 55 97
71 56 20
71 58 36
71 59 39
71 60 35
71 62 2
71 63 64
71 64 66
71 65 35
71 66 71
71 67 10
71 68 58
71 69 45
71 70 83
71 72 59
71 73 12
71 74 75
71 75 40
71 76 75
71 77 97
71 78 59
71 79 16
71 80 60
71 81 94
71 82 63
71 83 95
71 84 19
71 85 34
71 86 100
71 87 55
71 88 95
71 89 41
71 90 75
71 91 3
71 92 43
71 93 7
71 94 56
71 95 64
71 97 44
71 98 50
71 99 44
71 100 84
72 1 59
72 3 69
72 4 63
72 5 3
72 6 62
72 7 6
72 8 49
72 9 98
72 10 41
72 11 77
72 12 35
72 13 99
72 14 53
72 15 66
72 16 83
72 18 1
72 20 65
72 21 94
72 22 99
72 23 55
72 24 52
72 26 57
72 27 98
72 28 4
72 29 52
72 30 4
72 31 68
72 32 62
72 34 100
72 35 86
72 37 96
72 38 51
72 39 71
72 40 25
72 41 96
72 42 56
72 43 54
72 44 43
72 45 95
72 46 32
72 47 13
72 48 51
72 49 34
72 50 72
72 51 14
72 52 6
72 53 18
72 54 43
72 55 28
72 56 78
72 58 6
72 59 9
72 60 94
72 61 66
72 62 31
72 64 64
72 65 38
72 66 54
72 67 16
72 68 9
72 69 66
72 70 74
72 71 20
72 73 14
72 74 10
72 75 25
72 77 78
72 78 7
72 79 15
72 80 21
72 81 92
72 82 49
72 83 75
72 84 89
72 85 50
72 86 26
72 87 88
72 88 54
72 89 36
72 90 77
72 91 84
72 93 38
72 94 65
72 95 5
72 96 6
72 97 31
72 98 18
72 99 24
73 1 70
73 2 16
73 3 57
73 4 47
73 5 11
73 6 67
73 7 72
73 8 2
73 9 72
73 10 47
73 11 5
73 12 91
73 13 13
73 14 55
73 15 17
73 16 89
73 17 78
73 18 43
73 19 4
73 20 42
73 21 77
73 22 20
73 23 75
73 24 64
73 26 10
73 27 50
73 28 80
73 29 74
73 30 29
73 31 23
73 32 51
73 33 70
73 34 97
73 35 12
73 36 50
73 37 40
73 38 47
73 39 83
73 40 41
73 41 40
73 42 1
73 43 60
73 44 65
73 45 27
73 46 100
73 47 53
73 48 20
73 49 53
73 50 11
73 51 23
73 52 66
73 53 22
73 54 65
73 55 35
73 56 23
73 57 92
73 58 42
73 60 49
73 61 59
73 62 33
73 63 98
73 64 71
73 65 88
73 66 74
73 67 96
73 68 39
73 69 80
73 70 36
73 71 87
73 72 5
73 74 71
73 75 94
73 76 81
73 77 6
73 78 1
73 79 92
73 80 23
73 81 58
73 82 45
73 83 1
73 84 24
73 85 15
73 86 21
73 88 98
73 89 51
73 90 42
73 91 64
73 92 74
73 93 18
73 94 18
73 95 93
73 96 8
73 97 80
73 98 37
73 99 85
73 100 81
74 1 33
74 2 65
74 3 3
74 4 53
74 6 42
74 7 49
74 8 81
74 9 17
74 10 1
74 11 81
74 12 65
74 13 29
74 14 31
74 15 36
74 16 62
74 17 23
74 18 71
74 19 17
74 20 4
74 21 60
74 22 41
74 23 49
74 24 24
74 25 27
74 26 66
74 27 68
74 28 69
74 29 51
74 30 91
74 31 69
74 32 60
74 34 49
74 35 24
74 36 50
74 37 68
74 38 87
74 39 7
74 40 57
74 41 47
74 42 67
74 44 48
74 45 48
74 46 71
74 47 21
74 48 40
74 49 26
74 50 32
74 51 88
74 52 87
74 53 5
74 54 31
74 55 57
74 57 62
74 58 34
74 59 25
74 60 50
74 62 20
74 63 85
74 64 35
74 65 32
74 66 76
74 67 67
74 68 80
74 69 66
74 70 90
74 71 40
74 72 24
74 73 96
74 75 6
74 76 89
74 77 64
74 78 82
74 79 13
74 80 78
74 81 68
74 82 59
74 84 86
74 85 9
74 86 66
74 87 54
74 88 17
74 89 50
74 90 63
74 91 40
74 92 59
74 93 69
74 94 3
74 96 7
74 97 72
74 98 26
75 2 96
75 3 58
75 4 49
75 5 60
75 6 28
75 7 30
75 8 61
75 10 64
75 11 41
75 12 34
75 13 29
75 14 38
75 15 87
75 16 46
75 17 25
75 18 55
75 19 15
75 20 93
75 21 43
75 22 40
75 25 13
75 26 62
75 27 77
75 28 69
75 29 96
75 30 61
75 31 66
75 32 85
75 33 45
75 34 90
75 35 15
75 36 26
75 37 27
75 38 73
75 39 44
75 40 68
75 42 8
75 43 44
75 44 40
75 45 29
75 46 96
75 47 21
75 48 48
75 49 72
75 50 15
75 52 86
75 53 45
75 55 20
75 56 11
75 57 63
75 58 43
75 59 8
75 60 40
75 61 5
75 62 52
75 63 37
75 64 33
75 65 21
75 66 100
75 67 7
75 68 62
75 69 37
75 70 63
75 71 8
75 72 72
75 73 70
75 76 59
75 77 48
75 78 95
75 79 9
75 80 12
75 81 75
75 82 29
75 83 40
75 84 50
75 85 100
75 86 83
75 87 86
75 88 40
75 89 53
75 90 26
75 91 88
75 92 63
75 93 46
75 94 53
75 95 77
75 96 17
75 97 6
75 98 3
75 99 33
76 1 15
76 2 54
76 3 69
76 4 66
76 5 18
76 6 46
76 7 62
76 9 44
76 10 81
76 12 33
76 13 51
76 14 26
76 15 87
76 16 73
76 17 85
76 18 74
76 19 72
76 20 67
76 21 99
76 22 20
76 23 7
76 24 48
76 26 80
76 27 52
76 28 88
76 29 61
76 30 84
76 31 2
76 32 100
76 33 19
76 34 26
76 35 25
76 36 86
76 37 21
76 38 52
76 39 24
76 40 100
76 42 97
76 44 97
76 45 13
76 46 98
76 47 27
76 49 7
76 50 53
76 51 71
76 52 10
76 53 82
76 54 28
76 56 25
76 57 27
76 58 41
76 59 89
76 60 47
76 61 99
76 63 99
76 65 89
76 66 35
76 67 29
76 68 89
76 69 96
76 70 75
76 72 43
76 73 35
76 74 21
76 75 10
76 77 93
76 78 83
76 79 96
76 80 45
76 81 82
76 82 78
76 83 72
76 84 58
76 85 78
76 86 40
76 89 15
76 90 42
76 91 48
76 92 8
76 93 18
76 94 63
76 95 92
76 96 53
76 97 66
76 98 13
76 99 52
77 1 91
77 2 39
77 3 98
77 4 16
77 5 30
77 6 21
77 7 74
77 8 91
77 10 26
77 11 23
77 12 14
77 13 4
77 14 1
77 15 68
77 16 97
77 17 18
77 18 43
77 19 85
77 20 40
77 21 97
77 22 79
77 23 55
77 24 89
77 25 75
77 26 41
77 27 81
77 28 49
77 29 80
77 30 92
77 31 3
77 32 50
77 33 6
77 34 39
77 35 65
77 36 10
77 38 25
77 39 26
77 40 5
77 41 48
77 42 3
77 43 52
77 44 57
77 45 47
77 46 11
77 47 20
77 48 26
77 49 68
77 50 83
77 51 53
77 52 89
77 53 24
77 55 46
77 56 44
77 57 55
77 58 26
77 59 3
77 60 70
77 62 79
77 63 15
77 64 1
77 65 90
77 66 87
77 67 30
77 68 36
77 69 62
77 70 64
77 71 34
77 72 37
77 73 45
77 74 40
77 75 59
77 76 83
77 78 84
77 79 20
77 80 81
77 82 29
77 83 12
77 84 25
77 85 100
77 87 98
77 88 28
77 91 80
77 92 99
77 93 79
77 94 23
77 95 51
77 96 68
77 97 77
77 98 78
77 99 37
77 100 78
78 2 24
78 3 22
78 4 53
78 5 27
78 7 100
78 8 25
78 9 48
78 10 50
78 11 45
78 13 33
78 14 70
78 15 74
78 16 35
78 17 34
78 18 86
78 20 29
78 21 72
78 22 78
78 23 26
78 24 58
78 25 79
78 26 52
78 27 87
78 28 72
78 29 57
78 30 66
78 31 23
78 32 80
78 33 82
78 34 72
78 35 21
78 36 55
78 38 37
78 39 8
78 40 17
78 41 82
78 42 56
78 43 88
78 44 69
78 45 93
78 46 65
78 47 19
78 48 95
78 49 4
78 50 88
78 51 86
78 52 63
78 53 30
78 54 95
78 55 71
78 56 6
78 58 64
78 59 10
78 61 16
78 62 55
78 63 76
78 64 5
78 65 72
78 66 8
78 67 36
78 68 81
78 69 96
78 70 5
78 71 70
78 72 73
78 73 62
78 74 17
78 75 50
78 77 6
78 79 99
78 80 1
78 82 77
78 83 15
78 85 67
78 86 80
78 87 97
78 88 98
78 89 78
78 90 59
78 91 48
78 92 46
78 93 74
78 94 88
78 96 59
78 97 90
78 98 38
78 99 87
78 100 64
79 1 75
79 2 22
79 3 19
79 4 92
79 5 79
79 6 65
79 7 86
79 8 99
79 9 23
79 10 23
79 11 98
79 12 50
79 13 28
79 14 13
79 15 59
79 16 1
79 17 27
79 18 87
79 21 90
79 22 50
79 23 35
79 24 42
79 25 18
79 26 86
79 27 32
79 28 94
79 29 93
79 30 90
79 31 62
79 32 5
79 33 49
79 35 93
79 36 10
79 37 95
79 38 78
79 39 23
79 40 15
79 41 57
79 42 18
79 43 74
79 44 74
79 45 16
79 46 82
79 47 85
79 48 83
79 49 28
79 50 94
79 51 71
79 52 19
79 53 23
79 54 7
79 55 2
79 56 94
79 57 4
79 58 23
79 59 29
79 60 13
79 61 52
79 62 24
79 63 92
79 64 18
79 65 55
79 66 45
79 67 48
79 68 59
79 69 7
79 70 16
79 71 99
79 72 64
79 73 34
79 75 66
79 76 72
79 80 15
79 81 25
79 82 84
79 83 99
79 84 49
79 85 12
79 86 97
79 88 55
79 89 79
79 90 46
79 91 61
79 92 37
79 94 23
79 95 79
79 96 16
79 97 57
79 98 47
79 99 53
79 100 31
80 1 77
80 3 32
80 4 29
80 5 4
80 6 82
80 8 59
80 9 36
80 11 4
80 12 17
80 13 78
80 14 100
80 15 47
80 16 61
80 17 2
80 18 99
80 19 9
80 21 97
80 24 8
80 25 52
80 27 97
80 28 43
80 29 55
80 30 56
80 31 7
80 32 67
80 33 15
80 34 7
80 35 15
80 36 18
80 37 58
80 39 93
80 40 48
80 41 3
80 42 61
80 43 28
80 44 94
80 45 100
80 46 14
80 47 84
80 48 41
80 49 8
80 50 82
80 51 12
80 52 86
80 53 83
80 54 92
80 55 3
80 56 66
80 57 63
80 58 47
80 60 8
80 61 89
80 62 100
80 63 37
80 66 67
80 67 82
80 68 24
80 69 95
80 70 1
80 72 61
80 73 82
80 74 92
80 75 32
80 76 29
80 77 48
80 78 81
80 81 66
80 82 34
80 83 50
80 84 77
80 85 40
80 86 6
80 87 56
80 88 77
80 89 59
80 90 54
80 91 83
80 92 55
80 93 16
80 94 38
80 95 94
80 96 41
80 97 71
80 98 29
80 99 87
80 100 24
81 1 17
81 2 6
81 3 97
81 4 23
81 5 81
81 6 51
81 7 22
81 8 25
81 9 62
81 10 6
81 11 11
81 12 44
81 14 43
81 15 66
81 16 46
81 17 49
81 18 70
81 19 94
81 20 7
81 21 12
81 22 23
81 23 66
81 24 54
81 25 1
81 26 93
81 27 13
81 28 96
81 30 42
81 31 49
81 33 84
81 34 12
81 35 87
81 36 56
81 37 38
81 38 17
81 39 45
81 40 93
81 41 35
81 42 83
81 43 94
81 44 80
81 45 30
81 46 38
81 47 93
81 48 41
81 49 54
81 50 62
81 51 6
81 52 9
81 54 37
81 56 33
81 57 7
81 58 35
81 60 33
81 61 93
81 62 16
81 63 8
81 64 97
81 65 22
81 66 19
81 67 51
81 68 57
81 69 92
81 70 44
81 71 30
81 73 14
81 74 74
81 75 70
81 76 91
81 78 48
81 80 40
81 82 63
81 83 58
81 84 87
81 85 32
81 86 67
81 87 98
81 88 70
81 89 19
81 90 65
81 91 4
81 93 11
81 94 68
81 95 6
81 96 37
81 97 55
81 99 11
81 100 65
82 1 80
82 2 57
82 4 9
82 5 29
82 6 56
82 7 87
82 8 41
82 9 39
82 10 1
82 11 17
82 13 6
82 14 50
82 15 11
82 16 39
82 17 94
82 18 33
82 19 25
82 20 63
82 21 15
82 22 32
82 23 79
82 24 35
82 25 94
82 26 72
82 27 30
82 28 79
82 29 5
82 30 64
82 32 5
82 33 88
82 34 18
82 35 52
82 36 98
82 37 69
82 38 50
82 39 80
82 40 85
82 41 100
82 42 59
82 43 69
82 44 38
82 45 77
82 47 89
82 48 9
82 49 59
82 50 90
82 51 74
82 52 26
82 53 84
82 54 4
82 55 93
82 56 21
82 57 84
82 58 100
82 59 48
82 61 86
82 62 11
82 64 2
82 65 36
82 66 93
82 67 90
82 68 27
82 69 4
82 71 18
82 72 11
82 73 86
82 74 36
82 75 89
82 76 76
82 77 69
82 78 10
82 79 36
82 80 91
82 81 32
82 83 45
82 84 82
82 85 69
82 86 9
82 87 85
82 88 5
82 89 14
82 90 2
82 91 92
82 92 75
82 93 46
82 94 42
82 95 74
82 96 28
82 97 24
82 98 87
82 99 83
82 100 92
83 1 40
83 2 94
83 4 90
83 5 32
83 6 5
83 7 32
83 8 8
83 9 46
83 10 28
83 11 72
83 12 63
83 13 9
83 14 81
83 15 12
83 16 38
83 17 82
83 18 43
83 19 30
83 20 60
83 21 87
83 22 15
83 25 57
83 26 9
83 27 44
83 28 83
83 29 6
83 30 87
83 31 14
83 32 21
83 33 50
83 34 94
83 35 46
83 36 30
83 37 26
83 38 59
83 39 25
83 40 85
83 41 74
83 42 74
83 44 92
83 45 38
83 46 83
83 49 44
83 51 100
83 52 76
83 53 60
83 54 85
83 55 58
83 56 18
83 57 79
83 58 17
83 59 60
83 60 3
83 61 48
83 62 24
83 63 60
83 64 88
83 65 84
83 66 2
83 67 66
83 68 97
83 69 74
83 70 80
83 71 49
83 72 43
83 73 80
83 74 15
83 75 20
83 76 83
83 77 49
83 78 55
83 80 72
83 81 51
83 82 51
83 84 12
83 85 73
83 86 73
83 87 57
83 88 42
83 89 44
83 90 42
83 91 13
83 92 15
83 93 65
83 94 58
83 96 16
83 97 89
83 98 97
83 99 90
83 100 33
84 1 26
84 2 90
84 3 56
84 4 20
84 5 30
84 6 11
84 7 31
84 8 57
84 9 74
84 10 28
84 11 29
84 12 57
84 14 52
84 15 23
84 16 4
84 17 15
84 19 51
84 21 64
84 22 55
84 23 83
84 24 34
84 28 99
84 30 89
84 31 42
84 33 86
84 34 91
84 35 21
84 37 32
84 38 78
84 40 46
84 41 44
84 42 9
84 43 42
84 45 16
84 46 25
84 47 50
84 48 29
84 49 42
84 50 89
84 51 34
84 52 29
84 54 47
84 55 44
84 56 59
84 57 35
84 58 85
84 59 65
84 61 99
84 62 7
84 63 35
84 64 25
84 65 23
84 66 66
84 67 76
84 69 1
84 70 67
84 71 17
84 73 12
84 74 80
84 75 70
84 76 20
84 77 50
84 78 15
84 79 4
84 80 56
84 81 74
84 82 91
84 83 5
84 85 56
84 86 25
84 87 97
84 89 82
84 90 95
84 91 19
84 92 22
84 93 37
84 94 50
84 95 26
84 97 67
84 98 50
84 99 43
84 100 76
85 1 70
85 2 41
85 3 14
85 5 26
85 6 6
85 8 68
85 9 25
85 10 98
85 11 41
85 12 30
85 13 59
85 15 59
85 16 20
85 17 72
85 18 19
85 20 61
85 21 34
85 22 12
85 23 49
85 24 4
85 25 49
85 26 7
85 28 59
85 29 80
85 31 9
85 32 48
85 33 9
85 34 85
85 35 47
85 36 74
85 37 100
85 38 92
85 39 2
85 40 81
85 41 8
85 42 48
85 43 70
85 44 55
85 45 40
85 46 80
85 48 46
85 49 37
85 50 90
85 51 22
85 52 82
85 53 29
85 54 98
85 55 4
85 56 95
85 57 26
85 58 45
85 59 62
85 60 7
85 61 28
85 62 1
85 63 35
85 64 55
85 65 45
85 66 88
85 67 8
85 68 9
85 69 37
85 70 97
85 71 22
85 72 82
85 73 57
85 74 77
85 75 85
85 77 81
85 79 6
85 80 15
85 81 37
85 82 14
85 83 21
85 84 29
85 87 23
85 88 59
85 89 61
85 90 63
85 91 42
85 92 74
85 93 20
85 95 56
85 96 93
85 97 39
85 99 69
85 100 32
86 1 27
86 2 9
86 3 42
86 5 13
86 6 92
86 7 44
86 8 72
86 9 22
86 10 91
86 11 74
86 12 1
86 13 61
86 15 96
86 16 8
86 17 51
86 18 95
86 19 66
86 20 40
86 21 82
86 22 55
86 24 72
86 25 21
86 26 16
86 27 75
86 28 26
86 29 72
86 30 37
86 32 94
86 33 17
86 34 10
86 35 33
86 36 53
86 37 69
86 38 95
86 39 20
86 40 91
86 42 85
86 43 31
86 44 47
86 45 8
86 46 40
86 47 44
86 48 12
86 49 59
86 50 78
86 51 21
86 52 52
86 53 10
86 55 94
86 56 1
86 57 92
86 58 35
86 59 99
86 61 71
86 62 60
86 63 41
86 64 58
86 65 53
86 66 46
86 67 98
86 68 89
86 69 23
86 70 21
86 72 19
86 73 31
86 74 71
86 75 28
86 76 32
86 77 29
86 78 78
86 79 66
86 80 40
86 81 13
86 82 89
86 83 3
86 84 75
86 85 55
86 87 17
86 88 45
86 90 56
86 91 97
86 92 85
86 93 69
86 94 23
86 95 8
86 96 14
86 97 48
86 98 64
86 99 61
86 100 34
87 1 25
87 2 55
87 3 97
87 4 79
87 6 4
87 7 17
87 8 16
87 9 32
87 10 92
87 11 77
87 12 1
87 13 55
87 14 3
87 15 82
87 16 97
87 17 76
87 18 71
87 19 36
87 20 26
87 21 51
87 22 19
87 24 99
87 26 45
87 27 46
87 28 51
87 29 24
87 31 62
87 32 97
87 33 68
87 35 9
87 36 60
87 37 65
87 38 63
87 39 15
87 42 68
87 43 79
87 44 14
87 45 12
87 46 100
87 47 32
87 49 46
87 50 42
87 51 36
87 52 28
87 53 95
87 55 64
87 56 28
87 57 11
87 58 45
87 59 38
87 60 35
87 61 28
87 62 64
87 63 91
87 64 38
87 65 15
87 66 5
87 69 66
87 70 68
87 71 64
87 73 28
87 74 22
87 75 66
87 76 63
87 77 88
87 78 81
87 79 27
87 80 92
87 81 12
87 82 75
87 83 93
87 84 87
87 85 91
87 86 1
87 88 85
87 89 17
87 90 43
87 91 87
87 92 98
87 93 24
87 94 69
87 95 55
87 96 97
87 97 98
87 98 62
87 99 52
87 100 16
88 1 57
88 2 77
88 3 60
88 4 85
88 6 1
88 7 98
88 8 47
88 9 8
88 10 12
88 11 27
88 12 35
88 13 11
88 14 23
88 15 7
88 16 56
88 17 72
88 18 66
88 19 44
88 20 68
88 21 67
88 22 90
88 23 16
88 24 2
88 25 23
88 26 49
88 27 69
88 28 54
88 29 23
88 30 87
88 31 18
88 32 80
88 33 32
88 34 25
88 35 36
88 36 9
88 37 44
88 38 42
88 39 49
88 40 21
88 41 20
88 42 25
88 43 22
88 44 71
88 45 44
88 46 97
88 47 41
88 48 42
88 49 17
88 50 63
88 51 49
88 52 91
88 53 78
88 54 77
88 55 41
88 56 92
88 57 31
88 58 77
88 60 60
88 61 74
88 62 22
88 63 13
88 64 90
88 65 19
88 66 59
88 67 3
88 68 33
88 69 9
88 70 41
88 71 64
88 72 48
88 73 82
88 75 31
88 77 55
88 78 73
88 80 30
88 81 75
88 82 42
88 84 62
88 85 61
88 86 95
88 87 32
88 89 40
88 90 51
88 91 64
88 92 61
88 93 67
88 95 27
88 96 18
88 97 33
88 98 42
88 99 81
89 1 30
89 2 36
89 3 94
89 4 33
89 5 76
89 6 3
89 7 20
89 8 4
89 9 45
89 10 77
89 11 49
89 12 71
89 13 8
89 14 58
89 15 74
89 16 58
89 17 20
89 18 71
89 19 59
89 20 13
89 21 33
89 22 60
89 23 83
89 24 69
89 25 5
89 26 29
89 27 13
89 29 62
89 31 18
89 32 72
89 33 73
89 34 45
89 35 76
89 36 64
89 37 78
89 38 50
89 39 92
89 40 5
89 42 67
89 43 90
89 44 63
89 45 7
89 46 82
89 47 45
89 49 99
89 50 87
89 51 92
89 52 41
89 53 7
89 54 97
89 55 11
89 57 99
89 58 83
89 61 68
89 62 43
89 63 10
89 64 29
89 66 57
89 67 5
89 68 15
89 69 83
89 70 32
89 71 78
89 72 97
89 73 40
89 74 49
89 75 29
89 76 55
89 78 100
89 79 66
89 81 64
89 82 16
89 84 61
89 85 81
89 87 45
89 88 25
89 90 64
89 91 15
89 92 33
89 93 33
89 94 16
89 96 92
89 97 5
89 98 100
89 99 31
89 100 52
90 1 68
90 2 34
90 3 66
90 4 50
90 5 66
90 6 42
90 7 75
90 8 4
90 9 29
90 10 78
90 12 57
90 13 90
90 14 8
90 15 57
90 16 74
90 17 15
90 19 100
90 20 59
90 21 97
90 22 38
90 23 46
90 25 16
90 26 80
90 27 13
90 28 54
90 29 98
90 31 3
90 32 75
90 34 99
90 35 60
90 37 29
90 38 74
90 39 28
90 41 6
90 42 3
90 43 4
90 44 64
90 45 19
90 46 16
90 47 5
90 49 4
90 50 43
90 51 94
90 52 99
90 54 50
90 55 56
90 56 87
90 59 6
90 61 95
90 62 50
90 63 92
90 64 85
90 65 36
90 66 89
90 67 97
90 68 69
90 69 11
90 70 16
90 71 29
90 72 27
90 73 83
90 74 77
90 75 63
90 76 90
90 77 43
90 78 26
90 79 50
90 80 73
90 82 70
90 83 97
90 84 79
90 85 55
90 87 6
90 88 53
90 89 49
90 91 99
90 92 45
90 94 10
90 95 9
90 97 72
90 98 27
90 99 95
91 1 50
91 2 51
91 3 63
91 4 50
91 5 77
91 6 74
91 7 67
91 8 39
91 9 17
91 11 89
91 12 91
91 13 93
91 15 70
91 16 36
91 17 95
91 18 35
91 19 96
91 20 47
91 21 91
91 22 79
91 23 21
91 25 46
91 26 15
91 27 2
91 28 97
91 29 83
91 30 78
91 32 99
91 33 66
91 34 40
91 35 90
91 36 87
91 37 1
91 38 55
91 39 51
91 40 85
91 41 14
91 43 43
91 44 60
91 45 52
91 46 41
91 47 80
91 48 80
91 49 86
91 50 88
91 51 72
91 52 37
91 53 26
91 55 55
91 56 6
91 57 98
91 58 77
91 59 9
91 60 94
91 61 34
91 62 57
91 63 94
91 64 71
91 65 2
91 66 87
91 67 42
91 68 49
91 69 8
91 70 96
91 71 52
91 73 53
91 74 98
91 75 68
91 76 21
91 77 7
91 78 1
91 79 49
91 80 56
91 81 4
91 82 7
91 83 29
91 84 84
91 85 32
91 86 63
91 87 40
91 88 25
91 89 62
91 90 14
91 92 36
91 93 42
91 95 77
91 96 55
91 97 100
91 98 66
91 99 43
91 100 67
92 1 92
92 4 1
92 5 54
92 6 72
92 7 51
92 8 62
92 9 99
92 10 84
92 11 70
92 12 91
92 13 42
92 14 37
92 17 98
92 18 21
92 19 54
92 20 23
92 21 42
92 22 3
92 23 82
92 24 35
92 25 33
92 26 31
92 27 83
92 28 58
92 29 83
92 30 70
92 31 6
92 32 78
92 33 18
92 34 49
92 35 21
92 36 29
92 37 93
92 38 21
92 39 9
92 40 99
92 42 3
92 43 80
92 44 49
92 45 97
92 46 17
92 47 98
92 48 90
92 49 62
92 51 25
92 53 95
92 54 66
92 55 9
92 56 56
92 58 99
92 59 23
92 60 92
92 61 85
92 62 3
92 64 69
92 65 24
92 67 3
92 68 9
92 69 64
92 70 87
92 71 7
92 72 68
92 73 42
92 74 38
92 75 6
92 76 82
92 77 93
92 78 22
92 79 96
92 80 21
92 81 68
92 82 6
92 83 80
92 84 56
92 85 26
92 86 42
92 87 64
92 88 52
92 89 66
92 90 47
92 91 100
92 93 92
92 94 71
92 95 26
92 96 4
92 98 77
92 99 55
92 100 7
93 1 7
93 2 26
93 3 13
93 4 56
93 5 27
93 8 80
93 9 52
93 10 46
93 11 98
93 12 51
93 13 66
93 14 87
93 15 65
93 16 21
93 19 95
93 20 54
93 21 8
93 22 22
93 23 98
93 24 50
93 25 80
93 27 6
93 29 71
93 30 34
93 31 29
93 33 85
93 34 16
93 35 96
93 36 26
93 37 73
93 38 6
93 39 56
93 40 78
93 43 9
93 45 37
93 46 42
93 47 68
93 48 25
93 49 32
93 50 35
93 51 95
93 52 78
93 53 27
93 54 35
93 55 9
93 56 59
93 57 54
93 58 44
93 59 78
93 60 38
93 61 59
93 63 24
93 64 50
93 65 84
93 66 44
93 67 2
93 68 8
93 69 51
93 70 80
93 71 17
93 72 27
93 73 35
93 74 91
93 75 6
93 76 47
93 77 63
93 78 19
93 79 30
93 80 35
93 81 94
93 82 30
93 83 70
93 84 66
93 85 39
93 87 88
93 88 50
93 89 69
93 90 50
93 91 84
93 92 29
93 94 98
93 95 91
93 96 75
93 97 16
93 98 3
93 99 53
93 100 21
94 1 22
94 2 57
94 3 85
94 4 95
94 5 26
94 6 22
94 7 9
94 9 98
94 10 50
94 11 22
94 12 43
94 13 51
94 15 60
94 16 22
94 18 89
94 19 24
94 20 94
94 21 15
94 22 28
94 23 100
94 24 79
94 25 77
94 26 89
94 28 87
94 29 27
94 30 51
94 31 96
94 32 62
94 33 89
94 34 88
94 35 18
94 36 94
94 37 34
94 39 35
94 41 60
94 42 17
94 43 3
94 44 19
94 45 4
94 46 55
94 47 78
94 48 81
94 49 77
94 50 11
94 51 23
94 52 86
94 53 43
94 54 14
94 55 24
94 56 22
94 57 88
94 58 48
94 59 94
94 61 59
94 62 34
94 63 19
94 64 13
94 66 53
94 67 62
94 68 25
94 69 66
94 70 86
94 71 35
94 72 45
94 73 78
94 74 48
94 75 61
94 76 38
94 77 91
94 78 65
94 79 27
94 80 88
94 81 42
94 82 33
94 83 89
94 84 4
94 85 94
94 86 20
94 87 76
94 88 38
94 89 81
94 90 6
94 91 19
94 92 84
94 93 65
94 95 51
94 96 96
94 99 68
94 100 66
95 1 19
95 2 90
95 3 14
95 4 77
95 5 26
95 6 36
95 7 10
95 8 4
95 9 12
95 10 71
95 11 99
95 12 22
95 13 26
95 14 52
95 15 38
95 16 19
95 17 2
95 18 29
95 19 75
95 20 62
95 21 79
95 22 59
95 23 59
95 24 97
95 25 56
95 27 67
95 28 68
95 30 71
95 31 8
95 32 19
95 33 76
95 34 59
95 36 76
95 37 14
95 38 24
95 39 47
95 40 92
95 41 15
95 42 22
95 43 40
95 44 67
95 45 77
95 46 43
95 47 67
95 48 88
95 49 26
95 50 32
95 51 86
95 52 14
95 54 84
95 55 2
95 56 79
95 57 21
95 58 87
95 59 26
95 61 11
95 62 16
95 63 35
95 64 79
95 65 62
95 67 16
95 68 36
95 69 30
95 70 63
95 71 60
95 72 70
95 73 85
95 74 71
95 75 1
95 76 62
95 77 76
95 78 69
95 79 33
95 80 84
95 81 61
95 82 40
95 83 2
95 84 36
95 85 4
95 86 81
95 87 26
95 88 95
95 89 89
95 90 78
95 92 51
95 94 98
95 98 59
95 99 76
95 100 55
96 1 9
96 2 83
96 3 89
96 4 79
96 5 81
96 6 23
96 7 18
96 8 100
96 9 86
96 10 52
96 11 95
96 12 32
96 13 9
96 14 63
96 15 7
96 16 13
96 17 64
96 18 55
96 21 1
96 22 62
96 23 84
96 25 58
96 26 51
96 27 36
96 28 1
96 29 43
96 30 56
96 31 48
96 32 100
96 33 62
96 34 45
96 35 83
96 36 14
96 37 71
96 38 31
96 39 72
96 40 59
96 41 43
96 42 62
96 43 67
96 44 55
96 45 57
96 46 82
96 47 96
96 48 54
96 49 19
96 50 54
96 51 67
96 52 84
96 53 34
96 55 44
96 59 34
96 61 53
96 62 39
96 63 100
96 64 67
96 65 77
96 67 3
96 69 63
96 70 57
96 71 70
96 72 100
96 73 28
96 74 91
96 75 17
96 77 18
96 78 28
96 80 30
96 81 13
96 82 100
96 83 19
96 84 19
96 85 5
96 87 87
96 88 50
96 89 88
96 90 30
96 91 59
96 92 72
96 93 71
96 94 41
96 95 12
96 97 86
96 98 25
96 99 74
96 100 13
97 2 44
97 3 81
97 4 51
97 5 60
97 7 5
97 9 64
97 10 72
97 11 15
97 12 66
97 13 97
97 16 25
97 17 75
97 18 87
97 19 95
97 20 51
97 21 92
97 22 9
97 26 1
97 28 89
97 30 51
97 31 13
97 32 73
97 33 89
97 34 59
97 35 72
97 36 63
97 37 11
97 38 7
97 39 48
97 40 12
97 41 51
97 42 28
97 43 52
97 45 56
97 46 27
97 47 41
97 48 51
97 49 10
97 50 57
97 51 68
97 52 71
97 55 50
97 56 13
97 57 96
97 58 33
97 59 19
97 60 67
97 61 90
97 62 83
97 63 95
97 64 92
97 66 40
97 67 52
97 68 100
97 69 32
97 70 51
97 72 88
97 73 69
97 74 48
97 76 34
97 77 68
97 78 55
97 79 18
97 80 48
97 81 65
97 82 9
97 83 96
97 84 16
97 85 16
97 86 57
97 87 88
97 88 11
97 89 86
97 90 59
97 91 16
97 92 23
97 93 51
97 94 36
97 95 66
97 96 34
97 98 9
97 99 20
97 100 5
98 1 15
98 2 31
98 3 53
98 4 3
98 5 91
98 6 56
98 7 41
98 8 72
98 9 80
98 11 55
98 12 69
98 13 51
98 14 4
98 15 58
98 17 80
98 18 29
98 19 100
98 20 31
98 21 29
98 22 35
98 23 55
98 24 6
98 25 9
98 26 18
98 27 66
98 28 72
98 29 67
98 30 32
98 31 29
98 32 23
98 33 36
98 34 28
98 35 8
98 36 5
98 37 12
98 38 70
98 39 11
98 40 24
98 41 89
98 42 19
98 43 25
98 45 26
98 46 85
98 47 41
98 48 52
98 49 22
98 50 84
98 52 98
98 53 86
98 54 48
98 55 98
98 56 75
98 57 59
98 58 52
98 59 3
98 60 76
98 61 60
98 62 19
98 64 37
98 65 36
98 66 85
98 67 59
98 68 70
98 69 21
98 70 23
98 71 51
98 72 10
98 73 28
98 74 93
98 75 24
98 76 97
98 77 35
98 78 40
98 79 31
98 80 65
98 81 3
98 82 35
98 83 80
98 85 88
98 86 64
98 87 12
98 89 87
98 90 50
98 91 84
98 92 41
98 94 52
98 95 81
98 96 82
98 97 45
98 99 58
98 100 43
99 1 17
99 2 4
99 3 66
99 4 64
99 5 67
99 6 47
99 7 80
99 8 25
99 9 31
99 10 31
99 11 69
99 12 56
99 14 8
99 15 71
99 16 89
99 17 87
99 18 67
99 19 91
99 20 21
99 21 3
99 22 71
99 23 78
99 24 8
99 25 48
99 26 3
99 28 78
99 29 44
99 30 86
99 31 58
99 32 61
99 33 83
99 34 13
99 35 20
99 36 19
99 37 74
99 38 61
99 39 26
99 40 15
99 41 36
99 42 28
99 44 28
99 45 40
99 46 11
99 47 30
99 48 3
99 49 15
99 50 93
99 51 7
99 52 42
99 53 21
99 54 78
99 55 81
99 56 7
99 57 50
99 58 83
99 59 22
99 60 44
99 61 60
99 62 34
99 63 100
99 64 97
99 65 42
99 66 74
99 68 49
99 69 83
99 70 56
99 72 7
99 74 82
99 76 47
99 77 43
99 78 84
99 79 10
99 80 81
99 81 84
99 82 75
99 83 48
99 84 95
99 85 76
99 86 90
99 87 76
99 88 54
99 89 34
99 90 89
99 91 17
99 92 70
99 94 90
99 95 84
99 96 11
99 97 100
99 98 76
99 100 76
100 1 28
100 3 60
100 4 76
100 6 15
100 7 96
100 8 6
100 9 35
100 10 95
100 11 16
100 12 64
100 13 59
100 14 70
100 15 46
100 16 96
100 17 80
100 18 68
100 19 77
100 20 66
100 21 92
100 22 94
100 23 75
100 25 62
100 26 7
100 27 55
100 29 14
100 30 85
100 32 51
100 33 35
100 34 35
100 35 18
100 36 86
100 37 14
100 38 47
100 39 46
100 40 12
100 42 50
100 43 100
100 44 34
100 45 20
100 46 38
100 47 75
100 48 41
100 50 71
100 52 93
100 53 95
100 55 84
100 56 18
100 57 64
100 58 4
100 59 82
100 60 59
100 61 43
100 62 38
100 64 42
100 65 88
100 66 23
100 68 96
100 69 18
100 70 28
100 71 13
100 72 38
100 73 1
100 74 96
100 75 89
100 76 28
100 77 50
100 79 90
100 80 59
100 82 24
100 83 67
100 84 64
100 85 36
100 86 49
100 88 93
100 89 43
100 90 49
100 92 94
100 93 1
100 94 2
100 95 56
100 97 41
100 98 28
100 99 56