100
120
33 85
8 91
30 62
7 98
32 90
29 94
25 69
25 80
23 99
42 98
34 58
4 60
36 78
15 71
18 57
26 73
46 74
15 53
10 88
37 63
20 61
2 99
11 99
40 62
4 57
12 85
30 80
35 52
21 77
44 89
44 68
7 94
28 58
33 66
43 97
43 90
28 68
23 92
20 53
37 61
30 56
12 55
3 97
46 97
26 80
49 93
25 73
40 76
42 76
49 79
7 72
19 58
41 88
40 97
13 51
32 83
36 95
26 89
41 61
9 73
39 87
10 73
46 70
5 84
33 98
49 69
27 55
1 90
17 85
34 96
47 85
30 65
11 85
49 73
19 67
9 69
32 87
42 66
3 89
49 63
21 79
1 100
43 61
39 93
9 82
40 90
3 52
42 73
35 99
34 84
20 62
40 70
46 76
17 71
24 76
48 51
40 57
21 88
20 100
31 80
19 66
34 70
20 65
3 93
41 92
10 82
33 97
39 99
21 92
41 93
34 77
22 73
4 69
2 77
34 95
40 63
23 98
4 75
4 67
25 84
