100
1943 2030
257 335
1253 1309
846 901
509 604
702 731
1050 1130
1923 2003
1600 1640
1752 1759
711 739
127 224
902 918
1502 1551
1307 1403
629 702
1842 1848
1829 1916
1413 1442
1431 1433
1709 1728
1421 1514
644 730
438 454
135 159
1453 1503
631 644
856 944
502 532
316 322
1345 1359
644 654
1256 1353
1946 2030
813 819
1324 1327
342 406
114 145
1714 1751
1903 1947
307 328
536 538
1708 1713
1103 1109
1314 1344
712 713
956 1049
719 730
246 301
1654 1719
915 1008
314 406
1347 1414
917 952
1157 1218
852 909
1801 1817
1826 1845
345 400
1304 1358
1040 1123
1051 1127
857 910
1021 1056
1209 1302
1627 1725
1317 1352
906 914
646 707
559 613
228 233
832 900
403 459
330 414
1528 1543
1040 1139
1136 1221
1338 1419
1426 1459
701 733
659 720
344 401
1001 1030
1413 1419
914 928
224 304
947 1039
1803 1849
447 544
1839 1843
1252 1309
1317 1334
635 724
1154 1158
638 653
1429 1517
915 930
838 916
903 936
1048 1125
