1000
1943 2030
257 335
1253 1309
846 901
509 604
702 731
1050 1130
1923 2003
1600 1640
1752 1759
711 739
127 224
902 918
1502 1551
1307 1403
629 702
1842 1848
1829 1916
1413 1442
1431 1433
1709 1728
1421 1514
644 730
438 454
135 159
1453 1503
631 644
856 944
502 532
316 322
1345 1359
644 654
1256 1353
1946 2030
813 819
1324 1327
342 406
114 145
1714 1751
1903 1947
307 328
536 538
1708 1713
1103 1109
1314 1344
712 713
956 1049
719 730
246 301
1654 1719
915 1008
314 406
1347 1414
917 952
1157 1218
852 909
1801 1817
1826 1845
345 400
1304 1358
1040 1123
1051 1127
857 910
1021 1056
1209 1302
1627 1725
1317 1352
906 914
646 707
559 613
228 233
832 900
403 459
330 414
1528 1543
1040 1139
1136 1221
1338 1419
1426 1459
701 733
659 720
344 401
1001 1030
1413 1419
914 928
224 304
947 1039
1803 1849
447 544
1839 1843
1252 1309
1317 1334
635 724
1154 1158
638 653
1429 1517
915 930
838 916
903 936
1048 1125
956 1002
443 452
1753 1821
1926 2020
1904 1937
948 1033
409 421
417 512
544 549
630 653
950 1033
1152 1154
604 628
1305 1353
1014 1045
809 901
1942 2028
1437 1523
1815 1819
808 856
102 148
559 628
1546 1625
940 943
111 139
1945 1951
401 445
1558 1614
1900 1958
1104 1117
842 915
508 521
1442 1456
244 326
142 226
700 756
332 339
139 211
908 1001
1533 1606
1321 1325
713 752
340 433
1319 1414
759 802
739 803
713 730
1950 1953
1826 1906
244 334
810 832
1636 1729
836 851
545 608
419 424
247 320
428 506
1739 1834
756 811
1642 1709
1106 1112
1513 1514
401 437
1459 1558
1321 1416
1719 1758
1320 1359
1905 2002
1547 1553
1424 1435
1300 1320
122 144
156 200
1130 1203
1652 1707
1932 2011
1925 2020
202 256
1740 1826
138 228
138 225
1924 1934
1629 1638
1139 1207
1112 1143
1914 1946
1759 1829
833 921
630 648
1540 1631
359 424
1813 1814
641 655
1344 1442
1201 1252
1106 1154
904 925
322 335
544 554
542 630
1548 1611
1552 1627
118 136
136 201
1913 2004
1703 1715
813 908
1330 1410
1907 1921
608 625
1720 1751
348 435
329 336
743 805
803 846
1953 1958
1306 1339
532 534
1555 1605
1557 1627
1016 1107
614 635
500 501
808 811
1350 1438
1416 1438
614 642
1319 1330
1859 1907
448 546
120 209
1747 1748
819 912
335 356
1619 1652
715 722
1924 2003
1949 2007
1905 1942
1523 1619
1657 1740
1158 1241
329 400
1847 1939
1312 1346
1623 1657
1509 1510
342 440
521 601
326 425
1241 1259
400 444
1003 1041
421 505
730 756
956 1035
1617 1620
1430 1457
1404 1428
114 131
445 459
1632 1706
1840 1908
1806 1822
216 310
918 943
1806 1835
247 304
1151 1206
511 536
137 225
1832 1833
354 432
432 505
1412 1502
850 858
1709 1756
1335 1404
120 137
427 454
858 906
110 141
1256 1302
306 353
449 544
745 758
917 941
1805 1852
713 753
553 600
309 322
1507 1548
657 756
1151 1209
500 503
538 614
805 846
754 843
1537 1540
133 151
510 602
137 230
229 312
222 247
913 917
551 552
1642 1731
1832 1855
1317 1320
641 655
1334 1404
1807 1825
1251 1255
617 626
354 441
438 450
301 357
1716 1723
1151 1240
856 906
238 245
1918 1935
1030 1033
952 1044
457 521
856 910
336 434
347 359
1957 2043
1939 1955
347 437
1056 1121
518 558
603 636
1444 1451
505 534
431 435
335 348
649 714
1333 1351
445 500
502 548
517 524
1833 1856
446 508
806 840
1023 1033
114 120
259 330
1842 1904
808 836
950 1044
354 434
226 310
137 152
1613 1615
1313 1350
1145 1231
450 538
1037 1120
1623 1718
1510 1539
1230 1247
1711 1809
933 949
1549 1621
1524 1544
505 523
1348 1424
445 454
1715 1719
1849 1913
907 908
443 510
1636 1703
925 932
1956 2027
1530 1601
751 805
1132 1218
519 617
950 1007
1952 2040
654 711
503 543
1558 1622
723 801
830 857
1313 1315
1619 1654
1427 1438
1042 1139
1712 1736
334 411
1438 1441
920 935
919 1005
1842 1908
1641 1650
1043 1050
1952 2004
1054 1133
921 943
245 321
1831 1838
809 903
1141 1236
1513 1517
1947 2011
148 149
837 849
1324 1402
1254 1343
251 331
218 304
1812 1906
709 734
826 920
416 459
1349 1402
500 544
1129 1140
741 747
118 216
906 909
947 951
1907 1924
232 248
1101 1150
930 941
450 543
1330 1410
1233 1311
314 322
1901 1914
1420 1434
1702 1736
1527 1607
816 858
1904 1918
1652 1732
157 200
1854 1901
446 456
337 402
215 250
1642 1711
303 339
434 532
149 220
912 924
321 337
1643 1657
642 711
225 259
1705 1749
230 238
1854 1917
1716 1728
1812 1830
448 545
405 458
1056 1113
1738 1815
1817 1838
242 315
230 231
928 949
1835 1920
1857 1911
848 924
1503 1548
257 344
727 737
529 614
1551 1633
150 214
1739 1751
148 201
1053 1151
1030 1035
319 332
531 552
657 720
657 724
1952 2024
1741 1814
148 242
1644 1710
1536 1606
146 221
714 810
708 754
1758 1841
1555 1600
1454 1533
920 937
617 638
1652 1721
1342 1428
1353 1412
1419 1422
1621 1701
1905 1928
1114 1123
1102 1122
1401 1405
1812 1902
1002 1037
1559 1655
1254 1312
1915 2010
451 526
1150 1206
1331 1430
117 121
659 728
651 709
627 634
1210 1224
830 907
525 532
1929 2025
241 320
1531 1608
320 335
518 537
624 702
352 422
1744 1746
1039 1043
1932 2028
129 144
750 830
804 807
1129 1213
1005 1039
1706 1735
723 814
1449 1459
1312 1358
1813 1841
1529 1614
1431 1435
944 951
1128 1221
1017 1031
453 539
1309 1320
535 627
728 756
440 442
843 915
251 335
1617 1658
1345 1444
241 310
343 415
1220 1300
1215 1245
1722 1806
919 921
1029 1045
1409 1438
931 953
1143 1230
1133 1139
124 220
501 527
1106 1119
747 829
632 710
442 529
1431 1456
314 407
558 620
1723 1744
1507 1549
413 432
1822 1833
1553 1636
1636 1710
1321 1419
326 400
1600 1619
1425 1504
1725 1728
109 124
558 632
602 626
919 957
1541 1553
1310 1327
226 309
1549 1605
908 928
638 737
1453 1545
1830 1902
1305 1330
1053 1106
1718 1812
1521 1545
609 617
100 152
515 548
1004 1025
354 432
729 819
729 750
153 212
253 303
1707 1749
314 333
259 330
1759 1807
1042 1133
546 548
929 943
306 331
1751 1835
1433 1518
402 453
653 739
1039 1122
934 1025
544 635
339 406
458 504
1412 1502
905 938
1533 1557
414 417
135 221
1907 1945
649 724
647 705
137 208
1749 1831
1605 1658
844 912
437 512
143 236
412 508
102 149
823 907
621 713
438 529
100 137
1802 1822
439 531
1249 1326
513 531
808 830
1956 2025
1507 1539
537 546
1001 1021
600 613
1854 1903
723 735
1053 1120
657 658
1011 1018
1529 1627
1356 1452
849 917
935 940
1911 1956
1149 1237
1641 1731
432 447
540 611
423 427
331 334
1227 1317
618 627
1030 1056
544 622
1813 1907
439 442
814 846
1755 1823
1322 1342
1017 1032
1258 1329
1859 1931
1253 1300
648 716
1104 1154
726 753
1458 1546
235 237
501 549
946 1031
418 439
316 348
1345 1407
506 546
611 629
803 855
1705 1804
1916 1958
1834 1906
616 637
1107 1150
853 904
1319 1345
1510 1558
1332 1333
1619 1714
613 642
1615 1636
1847 1923
1357 1432
336 431
744 833
803 804
1732 1738
1956 2044
1159 1201
1215 1232
1253 1300
704 737
731 732
1951 2028
519 521
225 256
502 503
1739 1805
947 959
1544 1555
1641 1706
331 411
608 654
554 653
223 228
1343 1356
1827 1829
1803 1813
1608 1634
1640 1642
358 454
638 730
1503 1550
1035 1114
1225 1312
122 126
1658 1703
1112 1157
1413 1430
1557 1644
207 211
636 711
612 700
217 224
233 312
1832 1916
455 543
1707 1746
829 835
1141 1218
154 207
545 554
348 421
1643 1655
1955 2033
921 939
1805 1902
1720 1811
728 813
1329 1336
1319 1337
1016 1024
505 539
505 549
1050 1104
912 949
749 759
1412 1458
1746 1829
1215 1254
1128 1129
1527 1539
426 519
142 237
809 821
1540 1547
257 349
635 709
904 914
1520 1535
1418 1505
1514 1610
1414 1458
828 911
1922 2006
626 723
912 931
1607 1702
234 253
1916 2009
744 836
1804 1808
845 908
436 500
1103 1107
1227 1230
1122 1155
1420 1510
459 543
1321 1413
1024 1119
1055 1117
1942 1944
1550 1615
1143 1154
1851 1854
1755 1817
454 455
610 700
1913 1937
1519 1521
134 225
713 737
802 805
535 550
1118 1159
1911 1955
1811 1838
1608 1635
1653 1711
1659 1717
1055 1143
924 957
926 958
1112 1128
1840 1905
1603 1629
857 955
1053 1056
221 227
514 515
711 746
1036 1132
1903 1941
1507 1604
1020 1029
1934 1958
1453 1550
357 450
809 838
843 912
832 902
249 307
1455 1546
120 157
1603 1648
539 626
545 611
1213 1242
952 1007
837 849
1827 1911
820 844
146 223
1325 1348
1318 1347
1129 1136
1347 1440
1720 1755
601 649
143 229
1107 1200
102 103
931 952
833 903
728 827
628 631
858 920
708 746
149 239
1423 1435
934 1030
1457 1523
703 749
1856 1934
642 703
952 1008
1355 1401
134 214
1754 1848
941 951
953 1052
1018 1103
1333 1419
419 446
1244 1316
1621 1630
1920 1925
123 148
1920 2003
620 649
752 827
1044 1109
1259 1309
1205 1216
817 843
1516 1517
1240 1316
354 444
637 658
828 836
140 144
1623 1647
1152 1249
624 627
458 459
507 558
1448 1512
129 145
1401 1433
634 714
1005 1054
721 745
309 348
1550 1646
1312 1351
1459 1555
1600 1627
1037 1135
808 821
657 706
429 513
1149 1241
1348 1412
1358 1443
1245 1326
1700 1757
914 932
1227 1231
1020 1103
801 802
1928 1939
1310 1323
214 234
1905 1911
741 805
922 1015
1251 1316
1720 1736
914 915
222 314
1050 1123
1934 1950
1828 1843
1820 1911
1604 1631
805 828
822 917
745 804
1155 1250
652 748
836 925
630 701
1209 1252
352 403
1409 1503
1808 1837
1128 1219
1157 1227
1736 1743
637 640
1539 1600
1705 1720
1042 1048
923 959
1516 1521
1657 1724
713 742
104 119
1410 1457
1530 1629
1602 1629
904 925
1121 1133
1311 1339
1810 1826
1030 1129
915 916
1336 1433
1601 1651
1718 1732
606 611
301 400
534 616
725 814
246 325
349 412
1534 1550
