10000
1943 2030
257 335
1253 1309
846 901
509 604
702 731
1050 1130
1923 2003
1600 1640
1752 1759
711 739
127 224
902 918
1502 1551
1307 1403
629 702
1842 1848
1829 1916
1413 1442
1431 1433
1709 1728
1421 1514
644 730
438 454
135 159
1453 1503
631 644
856 944
502 532
316 322
1345 1359
644 654
1256 1353
1946 2030
813 819
1324 1327
342 406
114 145
1714 1751
1903 1947
307 328
536 538
1708 1713
1103 1109
1314 1344
712 713
956 1049
719 730
246 301
1654 1719
915 1008
314 406
1347 1414
917 952
1157 1218
852 909
1801 1817
1826 1845
345 400
1304 1358
1040 1123
1051 1127
857 910
1021 1056
1209 1302
1627 1725
1317 1352
906 914
646 707
559 613
228 233
832 900
403 459
330 414
1528 1543
1040 1139
1136 1221
1338 1419
1426 1459
701 733
659 720
344 401
1001 1030
1413 1419
914 928
224 304
947 1039
1803 1849
447 544
1839 1843
1252 1309
1317 1334
635 724
1154 1158
638 653
1429 1517
915 930
838 916
903 936
1048 1125
956 1002
443 452
1753 1821
1926 2020
1904 1937
948 1033
409 421
417 512
544 549
630 653
950 1033
1152 1154
604 628
1305 1353
1014 1045
809 901
1942 2028
1437 1523
1815 1819
808 856
102 148
559 628
1546 1625
940 943
111 139
1945 1951
401 445
1558 1614
1900 1958
1104 1117
842 915
508 521
1442 1456
244 326
142 226
700 756
332 339
139 211
908 1001
1533 1606
1321 1325
713 752
340 433
1319 1414
759 802
739 803
713 730
1950 1953
1826 1906
244 334
810 832
1636 1729
836 851
545 608
419 424
247 320
428 506
1739 1834
756 811
1642 1709
1106 1112
1513 1514
401 437
1459 1558
1321 1416
1719 1758
1320 1359
1905 2002
1547 1553
1424 1435
1300 1320
122 144
156 200
1130 1203
1652 1707
1932 2011
1925 2020
202 256
1740 1826
138 228
138 225
1924 1934
1629 1638
1139 1207
1112 1143
1914 1946
1759 1829
833 921
630 648
1540 1631
359 424
1813 1814
641 655
1344 1442
1201 1252
1106 1154
904 925
322 335
544 554
542 630
1548 1611
1552 1627
118 136
136 201
1913 2004
1703 1715
813 908
1330 1410
1907 1921
608 625
1720 1751
348 435
329 336
743 805
803 846
1953 1958
1306 1339
532 534
1555 1605
1557 1627
1016 1107
614 635
500 501
808 811
1350 1438
1416 1438
614 642
1319 1330
1859 1907
448 546
120 209
1747 1748
819 912
335 356
1619 1652
715 722
1924 2003
1949 2007
1905 1942
1523 1619
1657 1740
1158 1241
329 400
1847 1939
1312 1346
1623 1657
1509 1510
342 440
521 601
326 425
1241 1259
400 444
1003 1041
421 505
730 756
956 1035
1617 1620
1430 1457
1404 1428
114 131
445 459
1632 1706
1840 1908
1806 1822
216 310
918 943
1806 1835
247 304
1151 1206
511 536
137 225
1832 1833
354 432
432 505
1412 1502
850 858
1709 1756
1335 1404
120 137
427 454
858 906
110 141
1256 1302
306 353
449 544
745 758
917 941
1805 1852
713 753
553 600
309 322
1507 1548
657 756
1151 1209
500 503
538 614
805 846
754 843
1537 1540
133 151
510 602
137 230
229 312
222 247
913 917
551 552
1642 1731
1832 1855
1317 1320
641 655
1334 1404
1807 1825
1251 1255
617 626
354 441
438 450
301 357
1716 1723
1151 1240
856 906
238 245
1918 1935
1030 1033
952 1044
457 521
856 910
336 434
347 359
1957 2043
1939 1955
347 437
1056 1121
518 558
603 636
1444 1451
505 534
431 435
335 348
649 714
1333 1351
445 500
502 548
517 524
1833 1856
446 508
806 840
1023 1033
114 120
259 330
1842 1904
808 836
950 1044
354 434
226 310
137 152
1613 1615
1313 1350
1145 1231
450 538
1037 1120
1623 1718
1510 1539
1230 1247
1711 1809
933 949
1549 1621
1524 1544
505 523
1348 1424
445 454
1715 1719
1849 1913
907 908
443 510
1636 1703
925 932
1956 2027
1530 1601
751 805
1132 1218
519 617
950 1007
1952 2040
654 711
503 543
1558 1622
723 801
830 857
1313 1315
1619 1654
1427 1438
1042 1139
1712 1736
334 411
1438 1441
920 935
919 1005
1842 1908
1641 1650
1043 1050
1952 2004
1054 1133
921 943
245 321
1831 1838
809 903
1141 1236
1513 1517
1947 2011
148 149
837 849
1324 1402
1254 1343
251 331
218 304
1812 1906
709 734
826 920
416 459
1349 1402
500 544
1129 1140
741 747
118 216
906 909
947 951
1907 1924
232 248
1101 1150
930 941
450 543
1330 1410
1233 1311
314 322
1901 1914
1420 1434
1702 1736
1527 1607
816 858
1904 1918
1652 1732
157 200
1854 1901
446 456
337 402
215 250
1642 1711
303 339
434 532
149 220
912 924
321 337
1643 1657
642 711
225 259
1705 1749
230 238
1854 1917
1716 1728
1812 1830
448 545
405 458
1056 1113
1738 1815
1817 1838
242 315
230 231
928 949
1835 1920
1857 1911
848 924
1503 1548
257 344
727 737
529 614
1551 1633
150 214
1739 1751
148 201
1053 1151
1030 1035
319 332
531 552
657 720
657 724
1952 2024
1741 1814
148 242
1644 1710
1536 1606
146 221
714 810
708 754
1758 1841
1555 1600
1454 1533
920 937
617 638
1652 1721
1342 1428
1353 1412
1419 1422
1621 1701
1905 1928
1114 1123
1102 1122
1401 1405
1812 1902
1002 1037
1559 1655
1254 1312
1915 2010
451 526
1150 1206
1331 1430
117 121
659 728
651 709
627 634
1210 1224
830 907
525 532
1929 2025
241 320
1531 1608
320 335
518 537
624 702
352 422
1744 1746
1039 1043
1932 2028
129 144
750 830
804 807
1129 1213
1005 1039
1706 1735
723 814
1449 1459
1312 1358
1813 1841
1529 1614
1431 1435
944 951
1128 1221
1017 1031
453 539
1309 1320
535 627
728 756
440 442
843 915
251 335
1617 1658
1345 1444
241 310
343 415
1220 1300
1215 1245
1722 1806
919 921
1029 1045
1409 1438
931 953
1143 1230
1133 1139
124 220
501 527
1106 1119
747 829
632 710
442 529
1431 1456
314 407
558 620
1723 1744
1507 1549
413 432
1822 1833
1553 1636
1636 1710
1321 1419
326 400
1600 1619
1425 1504
1725 1728
109 124
558 632
602 626
919 957
1541 1553
1310 1327
226 309
1549 1605
908 928
638 737
1453 1545
1830 1902
1305 1330
1053 1106
1718 1812
1521 1545
609 617
100 152
515 548
1004 1025
354 432
729 819
729 750
153 212
253 303
1707 1749
314 333
259 330
1759 1807
1042 1133
546 548
929 943
306 331
1751 1835
1433 1518
402 453
653 739
1039 1122
934 1025
544 635
339 406
458 504
1412 1502
905 938
1533 1557
414 417
135 221
1907 1945
649 724
647 705
137 208
1749 1831
1605 1658
844 912
437 512
143 236
412 508
102 149
823 907
621 713
438 529
100 137
1802 1822
439 531
1249 1326
513 531
808 830
1956 2025
1507 1539
537 546
1001 1021
600 613
1854 1903
723 735
1053 1120
657 658
1011 1018
1529 1627
1356 1452
849 917
935 940
1911 1956
1149 1237
1641 1731
432 447
540 611
423 427
331 334
1227 1317
618 627
1030 1056
544 622
1813 1907
439 442
814 846
1755 1823
1322 1342
1017 1032
1258 1329
1859 1931
1253 1300
648 716
1104 1154
726 753
1458 1546
235 237
501 549
946 1031
418 439
316 348
1345 1407
506 546
611 629
803 855
1705 1804
1916 1958
1834 1906
616 637
1107 1150
853 904
1319 1345
1510 1558
1332 1333
1619 1714
613 642
1615 1636
1847 1923
1357 1432
336 431
744 833
803 804
1732 1738
1956 2044
1159 1201
1215 1232
1253 1300
704 737
731 732
1951 2028
519 521
225 256
502 503
1739 1805
947 959
1544 1555
1641 1706
331 411
608 654
554 653
223 228
1343 1356
1827 1829
1803 1813
1608 1634
1640 1642
358 454
638 730
1503 1550
1035 1114
1225 1312
122 126
1658 1703
1112 1157
1413 1430
1557 1644
207 211
636 711
612 700
217 224
233 312
1832 1916
455 543
1707 1746
829 835
1141 1218
154 207
545 554
348 421
1643 1655
1955 2033
921 939
1805 1902
1720 1811
728 813
1329 1336
1319 1337
1016 1024
505 539
505 549
1050 1104
912 949
749 759
1412 1458
1746 1829
1215 1254
1128 1129
1527 1539
426 519
142 237
809 821
1540 1547
257 349
635 709
904 914
1520 1535
1418 1505
1514 1610
1414 1458
828 911
1922 2006
626 723
912 931
1607 1702
234 253
1916 2009
744 836
1804 1808
845 908
436 500
1103 1107
1227 1230
1122 1155
1420 1510
459 543
1321 1413
1024 1119
1055 1117
1942 1944
1550 1615
1143 1154
1851 1854
1755 1817
454 455
610 700
1913 1937
1519 1521
134 225
713 737
802 805
535 550
1118 1159
1911 1955
1811 1838
1608 1635
1653 1711
1659 1717
1055 1143
924 957
926 958
1112 1128
1840 1905
1603 1629
857 955
1053 1056
221 227
514 515
711 746
1036 1132
1903 1941
1507 1604
1020 1029
1934 1958
1453 1550
357 450
809 838
843 912
832 902
249 307
1455 1546
120 157
1603 1648
539 626
545 611
1213 1242
952 1007
837 849
1827 1911
820 844
146 223
1325 1348
1318 1347
1129 1136
1347 1440
1720 1755
601 649
143 229
1107 1200
102 103
931 952
833 903
728 827
628 631
858 920
708 746
149 239
1423 1435
934 1030
1457 1523
703 749
1856 1934
642 703
952 1008
1355 1401
134 214
1754 1848
941 951
953 1052
1018 1103
1333 1419
419 446
1244 1316
1621 1630
1920 1925
123 148
1920 2003
620 649
752 827
1044 1109
1259 1309
1205 1216
817 843
1516 1517
1240 1316
354 444
637 658
828 836
140 144
1623 1647
1152 1249
624 627
458 459
507 558
1448 1512
129 145
1401 1433
634 714
1005 1054
721 745
309 348
1550 1646
1312 1351
1459 1555
1600 1627
1037 1135
808 821
657 706
429 513
1149 1241
1348 1412
1358 1443
1245 1326
1700 1757
914 932
1227 1231
1020 1103
801 802
1928 1939
1310 1323
214 234
1905 1911
741 805
922 1015
1251 1316
1720 1736
914 915
222 314
1050 1123
1934 1950
1828 1843
1820 1911
1604 1631
805 828
822 917
745 804
1155 1250
652 748
836 925
630 701
1209 1252
352 403
1409 1503
1808 1837
1128 1219
1157 1227
1736 1743
637 640
1539 1600
1705 1720
1042 1048
923 959
1516 1521
1657 1724
713 742
104 119
1410 1457
1530 1629
1602 1629
904 925
1121 1133
1311 1339
1810 1826
1030 1129
915 916
1336 1433
1601 1651
1718 1732
606 611
301 400
534 616
725 814
246 325
349 412
1534 1550
956 1024
1946 2027
1137 1229
1740 1811
830 908
526 535
1028 1108
1157 1209
1936 1941
953 1030
606 702
127 145
956 1052
320 357
855 901
1230 1236
1242 1309
850 924
1805 1852
210 229
1701 1736
1534 1542
1455 1529
1415 1431
911 953
500 546
1420 1440
1441 1505
1534 1542
454 532
348 445
1012 1107
525 558
1533 1621
117 150
549 646
1111 1149
1240 1310
439 507
829 928
648 733
1459 1548
549 646
1216 1244
326 344
1244 1310
919 1015
936 1020
851 940
1258 1301
944 1030
310 347
1455 1500
601 642
1730 1829
808 855
244 313
1218 1315
1624 1720
1549 1628
837 920
1257 1335
1822 1852
1832 1850
1435 1437
1205 1258
1709 1732
1207 1223
1658 1739
722 731
723 803
638 707
214 249
433 516
230 235
1629 1718
439 510
1455 1522
1853 1949
558 629
1249 1301
1332 1425
803 901
1747 1754
1833 1843
1513 1536
416 426
256 303
739 806
309 332
235 251
709 727
449 536
1608 1702
324 401
1255 1340
1454 1547
1304 1332
751 842
1450 1524
1938 2026
1913 2010
1846 1939
825 914
1214 1312
326 420
556 624
755 800
724 729
120 124
1302 1334
1253 1336
735 806
1745 1810
126 214
843 913
1030 1035
1150 1231
1341 1416
333 358
1741 1826
1844 1935
1911 1949
908 941
627 629
415 452
1036 1104
309 317
642 712
1929 2001
121 204
1504 1601
1152 1225
1551 1639
1402 1414
1820 1909
859 938
1858 1916
1928 2011
237 242
1634 1708
1216 1238
1745 1746
1213 1222
311 325
720 815
1539 1625
1007 1055
503 537
849 924
106 203
634 719
1958 2010
508 605
1238 1240
1313 1355
1930 2020
1207 1249
1538 1619
618 646
1147 1222
913 1012
1047 1106
1835 1923
102 133
148 229
226 320
1706 1719
1946 2024
943 947
1551 1611
1721 1740
410 508
1712 1721
140 239
530 612
401 409
747 751
848 920
1631 1654
138 201
543 622
1234 1308
1222 1257
1947 2000
129 224
1154 1227
744 834
718 737
246 300
1520 1602
1926 2025
1644 1724
102 122
919 923
1008 1031
244 333
1955 2050
1325 1330
323 402
1006 1020
535 628
142 230
1250 1307
509 554
350 422
1736 1806
642 659
614 656
1538 1608
1109 1135
1224 1244
1621 1623
356 438
120 209
1843 1909
1703 1758
1919 2011
430 436
1337 1339
329 416
452 510
737 750
319 357
1619 1641
1517 1601
1927 1935
815 821
1544 1610
219 241
1631 1645
1423 1449
104 115
1912 1917
236 311
858 909
601 644
1303 1353
326 340
214 307
1755 1835
258 324
1957 2045
955 1000
917 941
1938 2016
800 819
1506 1559
1535 1557
823 916
352 400
1009 1040
1705 1749
1716 1809
311 405
1500 1541
1145 1217
1729 1755
1504 1551
408 446
630 632
1701 1756
539 559
1718 1814
1418 1512
1410 1500
204 207
248 347
315 402
1424 1516
1418 1500
533 552
307 352
222 300
610 634
1717 1803
500 540
946 1034
1419 1456
1429 1517
1146 1228
1024 1100
1950 1955
743 822
1908 1939
732 808
716 725
1513 1544
1843 1926
319 352
1749 1818
109 144
1040 1048
812 828
1600 1616
920 936
1813 1903
829 919
1848 1919
110 159
1304 1308
1558 1618
424 448
527 541
1539 1543
1453 1515
408 422
410 458
1250 1322
639 646
949 1000
428 520
1028 1046
606 705
354 409
1149 1244
943 1005
410 445
651 700
406 411
100 143
1144 1235
946 1020
1656 1715
301 347
1818 1819
1419 1513
745 748
1344 1423
947 953
1452 1550
128 145
1616 1639
534 548
1651 1738
122 213
324 411
100 132
1453 1519
238 309
508 527
529 542
242 311
1858 1927
149 214
848 850
606 652
1600 1647
938 951
114 202
559 618
1114 1153
135 156
1617 1653
455 500
906 913
643 721
1523 1602
233 315
828 847
1100 1154
656 725
1009 1055
621 718
1123 1145
201 208
1503 1527
1237 1331
1122 1221
750 829
333 410
421 451
1724 1737
1326 1356
159 225
1013 1014
246 302
1557 1606
1806 1859
1835 1844
437 528
236 335
1152 1157
1103 1112
1100 1124
623 635
243 320
1834 1901
514 608
1449 1532
938 1030
604 648
904 928
1112 1130
1904 1907
1224 1256
1716 1801
1806 1820
1607 1636
1914 1915
1456 1509
1625 1630
1106 1159
122 204
1452 1528
1717 1729
806 822
1140 1224
107 202
1113 1115
1140 1208
1044 1045
530 543
1348 1358
553 636
1537 1622
1423 1449
204 253
1454 1522
1634 1645
1638 1643
1002 1038
1257 1318
847 855
334 400
1215 1233
1030 1116
1854 1909
1843 1918
430 521
1336 1419
109 127
753 826
914 942
1131 1212
1927 1936
1524 1623
839 849
1803 1815
126 205
1527 1557
1136 1216
1126 1145
849 911
1105 1132
237 257
810 902
825 844
1943 2026
544 613
1812 1844
1508 1522
232 257
950 1048
806 850
904 923
1051 1133
514 547
655 656
1918 1922
207 222
933 1010
817 818
1213 1252
230 319
1458 1514
1000 1045
211 306
146 147
751 845
118 153
1917 1919
1220 1239
910 936
1319 1359
407 458
1359 1455
343 352
624 656
1708 1755
1946 2045
1529 1611
1758 1839
911 913
1533 1608
1529 1603
843 904
345 415
1502 1520
1503 1511
1608 1637
247 248
735 805
1916 1945
1611 1612
1638 1701
516 544
1337 1424
1639 1728
950 1047
327 423
1556 1637
1550 1601
758 800
722 734
1813 1842
547 558
1714 1728
214 256
206 252
940 943
1008 1057
1743 1804
502 552
217 249
1427 1509
1456 1519
347 433
549 627
930 935
1722 1821
1918 1956
1535 1546
325 418
155 228
1851 1933
1008 1103
1223 1241
1936 1947
1758 1836
702 758
1331 1347
1040 1126
828 924
348 444
1217 1235
441 523
320 329
1600 1650
141 234
601 650
1523 1531
1624 1639
1052 1105
1956 2029
1339 1352
907 917
1232 1328
1120 1157
1854 1918
1658 1659
311 339
1039 1120
1639 1723
701 750
1126 1130
1337 1358
1503 1534
228 307
1355 1401
1030 1103
506 559
236 325
1409 1450
1638 1727
349 352
1207 1258
307 348
715 729
1617 1629
1250 1300
202 247
225 254
422 433
637 644
201 230
1243 1320
336 401
1829 1845
1507 1602
633 652
1635 1733
1148 1219
1610 1704
304 312
1556 1650
1555 1620
1706 1758
948 951
1657 1707
637 659
1132 1223
1949 1954
923 951
1531 1605
217 249
1811 1839
1529 1544
210 224
448 542
843 901
1452 1539
535 607
634 718
119 204
949 1040
1713 1749
201 210
1115 1122
412 416
1040 1051
434 510
1905 1915
1435 1519
727 730
113 210
700 730
424 439
1456 1527
1351 1435
1229 1325
1757 1823
1947 2008
1436 1452
607 629
1332 1343
1901 1903
123 137
502 547
1505 1548
1322 1401
323 340
707 739
741 756
1545 1619
1304 1326
1958 2031
1340 1342
1751 1824
1839 1904
248 327
1530 1556
917 943
1539 1638
1052 1136
132 136
246 316
1920 1955
1734 1828
641 649
418 509
1717 1814
1738 1802
1153 1215
705 728
1513 1607
1827 1852
626 712
1429 1436
1648 1655
833 909
519 536
116 149
1457 1509
724 813
1902 2001
1608 1704
251 256
1509 1513
600 621
101 117
652 724
1849 1932
1406 1442
216 227
1423 1511
815 910
801 857
1905 1910
1415 1513
1129 1203
1256 1331
1729 1827
915 1009
517 531
246 313
321 358
1139 1157
849 913
1904 1922
432 511
1856 1921
101 115
811 817
856 928
220 237
1128 1130
346 426
1656 1734
928 933
1409 1505
316 345
1537 1615
1425 1427
733 821
1332 1417
1449 1513
252 302
718 753
1041 1046
1606 1625
1123 1140
1410 1426
1216 1244
1402 1441
904 957
843 852
1235 1249
1307 1327
1538 1634
822 904
1045 1128
1723 1818
1347 1438
718 725
747 831
422 442
1751 1845
111 118
522 559
1843 1941
1810 1835
1238 1242
730 736
1329 1331
1318 1353
1912 1959
1948 2044
118 128
909 933
1703 1746
644 733
1051 1108
649 735
234 244
200 217
1230 1326
428 455
1747 1815
639 706
200 237
853 909
737 800
1331 1349
1008 1012
1115 1206
1421 1518
421 519
1719 1747
406 451
1706 1718
1556 1653
1209 1255
1030 1042
1815 1914
550 636
1942 2025
503 516
1808 1830
1851 1932
451 511
1111 1131
351 412
1116 1150
127 134
756 830
722 750
354 423
1109 1207
1304 1340
617 643
1316 1358
1929 2001
1656 1718
1138 1210
1345 1416
1346 1429
234 242
721 734
1648 1744
1506 1515
206 250
1529 1531
535 630
617 619
354 356
426 523
210 254
222 307
925 1000
1354 1411
514 527
1500 1501
1210 1221
1524 1531
554 633
926 1008
842 937
1852 1935
1825 1912
1849 1911
120 140
622 702
612 708
829 846
1629 1720
540 621
547 623
1524 1552
954 1051
239 337
910 1003
1732 1739
1145 1212
1802 1841
1718 1800
1923 1935
1907 1938
1552 1601
914 939
1541 1549
1336 1339
1418 1442
1646 1720
1205 1239
823 853
1712 1732
135 151
218 229
752 816
1023 1024
504 506
1832 1844
1908 1916
1307 1316
638 728
157 253
553 605
1423 1502
1250 1301
1611 1640
805 853
1332 1339
451 509
1645 1735
1055 1110
1238 1326
1239 1246
1454 1551
220 248
801 858
441 510
357 416
413 426
1906 1940
1141 1156
1302 1314
525 615
1203 1218
916 1000
1645 1734
348 446
302 329
510 555
1506 1532
1250 1323
1013 1052
1857 1918
607 653
1823 1921
707 717
823 845
1326 1350
1335 1422
958 1021
1317 1403
203 241
1150 1247
817 914
854 927
1815 1914
215 309
609 625
139 218
1116 1213
421 450
550 553
1316 1347
118 128
346 358
842 935
1243 1331
853 938
935 1011
1618 1650
727 741
1458 1516
1054 1111
1647 1710
1123 1205
1827 1908
1318 1348
1106 1111
1026 1043
1225 1249
932 1022
559 628
637 729
1024 1052
1756 1801
926 1006
1701 1736
949 1014
432 511
721 812
1340 1356
1416 1452
550 613
125 216
1546 1644
512 523
943 1014
1109 1139
1156 1202
717 811
401 459
1851 1922
759 839
441 510
310 401
311 358
1235 1236
1833 1930
150 158
925 932
1626 1633
631 728
1140 1149
1713 1722
1358 1427
913 940
805 850
237 250
1230 1232
1428 1519
513 523
714 722
159 209
305 343
923 924
401 431
1259 1309
1850 1942
257 259
1509 1549
826 833
939 949
1603 1616
720 744
527 535
1105 1116
1412 1418
1421 1452
1852 1923
1344 1419
1549 1646
1304 1350
1410 1445
121 154
1549 1631
1955 2010
1536 1601
1531 1619
1634 1724
805 856
1924 2003
1835 1854
1215 1242
532 630
1715 1718
714 751
1503 1544
946 956
1904 1913
521 620
1329 1330
701 751
1034 1121
1629 1631
1215 1313
1602 1649
1830 1832
201 226
1526 1529
152 226
450 454
1338 1346
1516 1557
1559 1607
123 128
557 644
1012 1041
1842 1915
222 246
1446 1452
738 813
202 209
1318 1324
445 458
1628 1630
918 931
927 933
804 856
1313 1354
1447 1531
859 910
1521 1618
1935 1957
649 657
1706 1719
1912 1928
1917 1930
637 708
1901 1903
912 937
352 431
440 448
818 824
455 534
1924 1928
300 340
720 728
1427 1428
808 824
437 451
153 221
543 602
1947 2046
137 234
936 1021
310 317
403 411
1240 1257
1419 1437
1945 1953
1203 1234
1000 1042
1550 1622
202 209
444 538
1605 1620
513 610
1339 1342
101 136
349 354
1950 2016
206 258
1942 2015
308 402
706 718
1537 1556
123 219
524 549
905 948
804 820
751 847
619 622
1249 1305
1605 1703
1751 1800
228 243
138 156
928 944
1305 1324
314 359
1805 1825
1721 1742
329 334
1126 1215
1604 1626
1215 1247
1031 1114
1500 1515
209 252
403 500
1436 1456
534 608
450 512
427 459
222 234
459 522
117 143
1440 1532
1157 1230
1104 1134
120 213
1849 1901
1638 1718
204 248
931 1018
539 602
1731 1828
714 806
1208 1306
709 721
159 248
943 1032
120 141
1254 1351
614 644
1604 1652
1410 1438
518 523
527 606
519 559
713 742
557 638
804 816
1359 1452
1838 1843
928 951
1909 1951
946 1003
1818 1820
1939 1940
539 619
1759 1854
1829 1926
1729 1754
523 614
546 556
1938 1953
413 507
1047 1118
340 419
613 712
547 625
1811 1834
1243 1334
505 518
102 201
1558 1647
1625 1638
1702 1704
1407 1437
1226 1315
1301 1318
1729 1803
1532 1610
219 221
218 306
1020 1048
1154 1239
930 959
1252 1314
453 529
1112 1153
739 803
1855 1910
924 1003
1358 1420
1948 2020
939 1024
1859 1947
1009 1027
1115 1203
1543 1636
624 704
1658 1712
759 826
1622 1715
1829 1835
828 856
303 336
1742 1745
817 856
902 950
1425 1432
206 226
1837 1842
234 326
243 334
1820 1837
1247 1323
1846 1926
153 207
1931 1937
1034 1047
1324 1420
1106 1133
1157 1206
1831 1854
313 333
633 711
304 337
1435 1500
254 333
948 1003
111 206
1217 1250
1014 1111
258 312
125 139
220 303
1302 1325
140 149
733 753
1251 1323
852 901
1306 1333
1918 2014
327 338
1944 2000
1811 1845
243 307
429 519
339 342
618 650
1443 1520
1338 1404
756 830
1938 2013
221 238
1208 1249
738 759
110 121
840 844
453 549
345 435
1256 1330
1233 1319
1310 1349
1044 1120
353 357
607 642
105 122
1049 1100
418 424
857 859
1016 1113
1625 1629
1023 1103
947 1020
121 155
514 525
554 634
1734 1813
1636 1724
525 604
138 214
452 521
1921 1947
919 1006
1443 1459
1449 1519
143 154
1109 1137
411 455
959 1030
1230 1257
542 615
745 835
1212 1251
1827 1902
1934 2012
1503 1542
1633 1640
659 754
1347 1430
1100 1145
1334 1409
743 833
725 815
1232 1244
319 414
1830 1845
1810 1903
703 751
620 706
1453 1550
120 153
1712 1748
1212 1300
1037 1113
454 547
1019 1108
1656 1717
1755 1833
441 459
1946 2030
1906 1938
1046 1135
1224 1231
424 430
656 755
1131 1153
1605 1652
1201 1220
1947 2027
1000 1011
751 810
1753 1802
1306 1353
808 903
1053 1133
1931 1956
1404 1450
1508 1552
351 445
1957 2046
1333 1334
455 528
805 825
547 617
1418 1507
1926 2002
1051 1143
1348 1440
1744 1819
1628 1719
1644 1718
629 659
1409 1447
1300 1317
1554 1602
332 402
1219 1248
1806 1813
1908 2006
400 452
317 342
1120 1121
1630 1651
1249 1254
1358 1445
252 310
1308 1325
1714 1759
1650 1655
103 134
1856 1911
1004 1035
647 656
1515 1551
1539 1601
1507 1510
934 938
1104 1116
1036 1134
1919 1946
102 119
1100 1115
616 651
821 856
305 314
1135 1234
1851 1903
901 916
533 549
1827 1857
1024 1050
701 733
1901 1940
1255 1352
851 859
956 1031
1009 1018
956 1001
1603 1659
1416 1443
225 315
802 838
1106 1116
1348 1417
1603 1651
443 454
549 628
1319 1405
1542 1615
1012 1017
621 629
1702 1711
1906 1943
740 743
100 157
1002 1044
1123 1132
1035 1131
1743 1759
600 650
1538 1605
806 827
1612 1702
201 230
640 730
103 108
1815 1835
1523 1544
1156 1226
914 948
1943 1944
215 237
1956 2033
127 201
405 447
1126 1225
403 432
1554 1614
1858 1928
753 840
809 834
1323 1344
501 513
1929 2014
734 743
439 452
344 418
1408 1434
536 628
120 131
855 923
1516 1608
1811 1848
757 818
1557 1656
723 758
1038 1045
615 631
1624 1709
721 725
1329 1348
700 710
446 541
746 801
335 410
1347 1417
1537 1619
1912 1916
805 838
741 815
951 1030
1502 1506
1350 1402
301 309
1354 1414
957 1050
815 842
1921 2004
457 535
1708 1722
306 333
1447 1511
751 801
1924 2000
901 905
651 714
902 928
614 646
1755 1844
852 926
1322 1411
705 801
239 310
130 216
125 206
1745 1819
1626 1717
1700 1722
317 349
705 751
1122 1142
555 617
1034 1113
1802 1829
1509 1545
811 852
127 200
1700 1749
1626 1651
527 547
1153 1236
1607 1625
1129 1227
820 858
932 1017
1257 1307
407 444
1603 1656
546 614
1755 1843
1643 1713
511 544
1606 1625
809 819
1527 1533
1715 1807
341 416
1124 1155
1422 1515
757 801
202 240
1933 2023
1430 1518
643 718
626 639
1557 1621
1736 1831
1920 2008
1012 1035
258 259
758 836
844 909
920 928
1242 1328
1436 1446
1429 1520
1617 1628
840 850
1731 1804
648 712
653 700
1358 1429
1046 1138
1355 1419
1633 1653
222 312
359 421
303 314
1350 1410
1502 1539
316 410
1157 1221
1126 1140
604 616
1045 1107
838 914
230 301
1652 1734
348 414
859 940
1433 1508
1144 1235
1611 1709
1744 1817
1624 1627
619 713
1802 1844
1357 1403
1339 1438
302 347
1055 1056
1647 1743
110 142
126 223
112 157
1111 1201
1530 1551
110 130
1227 1315
1726 1807
1516 1522
416 507
1646 1648
1832 1922
507 528
1826 1851
1907 1908
412 511
537 542
1107 1144
155 241
827 840
1958 2016
1558 1629
315 347
552 651
501 556
1842 1919
306 404
757 759
641 652
1800 1844
929 1021
1258 1349
234 322
748 837
1316 1321
1538 1624
1936 2021
1015 1046
144 220
1606 1612
1208 1237
317 346
847 901
1711 1801
1222 1223
809 848
1307 1334
1142 1238
1204 1208
1354 1447
1821 1915
1418 1451
1652 1656
1632 1731
1841 1922
1114 1130
1519 1606
147 232
1930 1952
627 656
202 224
928 951
235 317
535 547
1524 1533
1444 1445
446 538
1934 2020
128 212
1815 1858
1637 1732
642 729
1844 1934
355 446
1320 1336
1800 1839
1843 1918
1623 1653
1531 1600
1043 1058
820 913
1233 1322
222 314
1244 1329
1606 1631
1744 1755
504 535
123 134
1848 1926
956 1033
926 955
1422 1456
316 342
1304 1337
1936 2028
527 603
459 507
754 825
551 556
1604 1648
722 814
232 329
608 609
308 359
1407 1424
1249 1324
752 840
726 727
233 250
440 453
1110 1136
1658 1752
251 313
923 1003
1224 1317
524 531
1500 1527
657 713
1644 1703
149 202
109 149
1800 1824
1633 1638
1354 1444
142 149
809 846
325 328
1454 1503
544 550
842 844
1320 1337
1239 1331
755 811
829 852
742 805
1907 1921
1840 1911
1137 1216
1818 1829
213 217
1057 1136
1845 1933
1013 1030
1422 1436
1340 1432
1958 2022
403 426
1421 1423
1906 1934
1913 1935
1545 1553
1023 1025
420 437
1732 1754
1423 1440
139 226
1559 1610
634 718
947 1026
110 158
1845 1902
1719 1808
930 1006
930 956
1808 1830
316 318
1456 1523
1611 1628
1024 1114
1638 1657
1228 1240
908 918
1325 1414
1024 1112
1123 1218
1331 1339
727 728
1948 2047
1816 1906
434 521
1346 1403
701 747
1515 1614
342 412
1556 1640
927 928
1322 1420
1236 1258
903 911
900 923
127 217
1727 1750
114 141
1144 1214
318 409
1930 2004
1754 1808
1238 1332
1637 1703
640 646
1124 1145
1642 1656
1720 1744
1034 1048
803 853
233 319
857 904
417 452
508 543
1218 1317
1812 1842
1122 1203
613 614
1707 1711
1504 1516
315 354
1440 1507
1807 1901
501 538
1407 1432
359 446
827 838
333 358
544 624
329 427
1051 1129
1644 1704
1332 1355
1305 1308
131 220
220 306
1021 1110
1828 1857
444 447
501 559
326 402
223 310
1541 1628
713 749
1929 1952
620 634
708 718
1925 1949
1253 1349
1813 1819
1623 1710
1255 1317
1217 1222
305 328
245 246
244 331
1051 1105
1148 1215
1556 1649
1450 1526
427 508
230 247
1107 1134
1809 1840
1802 1820
1309 1326
1239 1308
1654 1738
1627 1700
1641 1725
251 326
1115 1128
1024 1033
1459 1556
1648 1731
938 1000
1751 1819
1844 1907
847 913
1951 2013
959 1034
907 958
656 713
318 354
145 230
928 954
1724 1823
1203 1219
723 746
201 219
443 530
111 152
939 1000
1825 1838
1232 1235
1208 1241
800 818
1953 2037
300 303
1303 1335
1002 1050
1414 1425
1759 1843
1059 1104
1219 1303
517 537
1031 1037
1421 1510
1216 1226
212 229
1538 1622
304 400
1019 1037
1318 1402
945 953
1150 1202
1545 1606
258 350
1122 1218
1450 1506
141 207
420 435
436 521
1458 1555
711 725
1626 1640
1723 1734
211 215
604 657
1547 1643
1634 1641
230 231
133 210
1039 1115
518 614
1121 1135
437 517
1256 1353
906 946
1950 2009
405 421
1350 1441
339 428
456 554
1406 1451
333 423
1512 1518
1844 1910
1624 1711
1533 1558
245 252
325 340
1719 1734
1019 1030
316 327
934 1022
1418 1427
1442 1443
1409 1450
1333 1420
713 810
647 712
1654 1726
603 701
247 253
1044 1056
414 419
638 640
831 908
342 357
1359 1447
500 522
332 422
159 201
1721 1746
1248 1250
723 752
1352 1430
1159 1228
1319 1344
1615 1618
1402 1451
504 510
1646 1716
429 435
1906 1944
1936 2031
231 233
250 319
1533 1553
555 653
1930 1959
1449 1548
1219 1252
902 948
1618 1625
525 602
131 229
1752 1838
641 709
538 559
426 523
854 907
407 412
1620 1626
1432 1516
1454 1547
225 304
409 432
423 448
358 415
522 527
1753 1823
228 311
1103 1142
1351 1407
1257 1318
1641 1701
1107 1122
820 844
1513 1606
1634 1710
446 514
743 830
827 858
800 803
1840 1930
1532 1621
1359 1416
111 151
510 557
521 522
804 820
1442 1532
1734 1818
1330 1428
1246 1315
1840 1916
1555 1647
113 203
522 604
1131 1150
827 834
829 924
403 442
313 336
1827 1905
204 247
520 603
442 506
641 731
1127 1144
1508 1607
1145 1204
422 441
1109 1128
803 812
832 912
1635 1723
1340 1421
125 140
436 438
1912 1943
523 609
127 148
1420 1509
301 340
221 258
346 443
1604 1641
1256 1308
1929 1953
1645 1725
421 503
1946 2024
151 155
939 1015
756 845
1007 1100
117 142
1709 1805
1328 1357
816 835
1620 1641
1547 1557
1354 1433
730 827
842 931
917 923
528 538
1656 1659
600 644
1838 1855
320 409
1308 1324
1505 1533
1358 1425
1721 1815
1114 1120
900 909
250 306
1444 1524
410 503
921 1015
321 325
608 657
1553 1613
1345 1429
1156 1210
1109 1203
1526 1616
1107 1155
1031 1053
1830 1840
1753 1849
1538 1620
609 622
549 622
932 1026
1731 1739
443 517
755 803
239 313
300 338
222 255
633 658
1508 1605
613 701
152 251
1417 1502
758 822
721 738
454 550
1018 1104
1412 1433
204 300
713 812
624 720
1415 1419
229 258
926 936
1226 1231
126 138
1349 1414
1806 1904
103 118
1346 1431
703 707
727 752
1858 1938
1956 2047
728 811
545 628
1502 1534
909 926
1438 1510
117 215
645 721
127 203
1053 1118
1533 1548
122 219
1406 1421
1451 1535
1932 2029
649 717
244 248
1429 1516
1402 1456
630 712
1039 1103
1630 1715
357 454
824 900
249 315
735 743
559 646
1433 1516
1107 1120
514 558
1106 1205
651 659
1213 1240
811 908
637 659
1618 1653
1035 1036
1505 1516
1503 1548
1341 1416
1732 1822
307 357
458 553
1820 1903
1357 1409
229 255
230 313
545 607
1633 1705
1543 1617
1431 1438
719 801
1242 1315
1422 1435
138 217
123 151
1612 1645
933 952
1555 1558
408 448
1504 1538
1040 1113
149 228
702 737
1615 1633
1617 1629
240 258
1136 1214
145 234
1000 1017
946 1023
1618 1628
146 201
253 331
1721 1751
318 358
1830 1858
1651 1724
1617 1625
1327 1352
540 556
1902 1954
113 150
934 1011
1220 1245
1905 2003
1650 1732
1458 1514
1659 1734
310 333
1045 1105
645 706
619 634
519 521
1422 1427
1408 1502
1523 1533
306 309
1932 1957
1318 1331
1016 1052
1300 1358
431 449
1235 1259
1241 1258
1450 1456
1557 1649
826 858
1955 2019
353 430
716 720
212 305
656 718
1359 1458
352 434
1722 1805
1524 1550
1558 1638
1404 1503
817 900
1902 1955
1704 1705
1926 1950
509 510
607 616
1340 1404
148 200
254 323
1455 1515
958 1025
1102 1149
1847 1911
1326 1417
1314 1318
1111 1127
207 218
1923 2006
158 201
1133 1219
1812 1815
953 1036
1656 1707
328 415
1411 1447
336 347
403 420
713 730
1550 1604
1321 1408
353 359
620 627
1030 1046
1856 1926
434 439
1319 1343
354 409
1022 1055
939 944
734 742
658 732
343 430
1933 1956
837 911
1727 1742
1220 1221
1322 1350
1312 1352
1116 1121
1105 1110
1822 1852
1320 1340
322 400
959 1012
1217 1241
1927 1954
328 413
501 557
1958 2019
1725 1816
1020 1116
637 736
409 415
320 328
1850 1946
1708 1736
226 310
720 738
955 1043
1233 1242
937 1030
1612 1630
302 355
1407 1500
936 1025
817 910
1701 1744
1031 1040
1244 1327
328 336
301 337
1638 1652
650 716
500 541
810 816
550 624
1626 1652
1645 1730
1759 1809
921 1002
1808 1839
316 403
1825 1900
412 420
223 247
1827 1834
301 354
435 454
655 746
437 518
1301 1351
738 739
1821 1835
439 525
308 336
1940 2010
1415 1422
418 436
335 401
1141 1149
954 1037
1614 1703
157 235
1947 2041
1617 1629
1742 1812
935 1032
321 350
1636 1700
101 144
1545 1628
752 846
237 319
1032 1110
1424 1508
1703 1800
805 809
407 410
951 1048
447 502
403 447
1903 1922
1442 1505
827 829
1618 1622
1754 1835
1601 1606
1748 1831
1241 1336
1834 1932
1726 1737
1816 1827
539 628
1018 1117
1310 1329
515 520
426 433
1643 1731
544 559
610 625
130 207
157 209
1327 1402
1053 1126
1458 1514
105 124
149 220
1339 1423
1629 1715
1643 1654
554 600
236 252
1309 1351
413 457
1914 2011
747 806
1704 1707
1300 1324
414 439
1539 1555
114 146
1828 1842
1843 1851
1524 1554
1149 1239
136 143
157 256
1357 1413
1716 1745
1952 2034
1110 1117
1300 1309
417 447
1746 1835
1646 1719
1336 1418
1347 1434
656 711
848 851
1534 1630
219 248
514 613
1507 1539
515 529
1957 2020
538 613
832 931
1823 1904
1923 1942
712 744
619 706
1310 1409
1629 1644
1928 2005
918 921
455 512
757 840
145 153
404 439
1112 1132
1445 1506
1410 1444
1805 1846
258 356
526 622
1337 1432
543 631
636 659
237 254
1421 1448
900 937
924 1021
410 418
654 733
1947 2018
1017 1104
1732 1828
541 601
136 219
1305 1345
1233 1325
1232 1259
914 952
720 811
414 511
939 956
751 801
1603 1605
1250 1313
608 615
1547 1633
1501 1554
428 454
857 924
1513 1548
1759 1850
430 520
1255 1306
1632 1652
1920 1946
1641 1705
1952 1955
348 353
1118 1215
645 737
459 528
836 841
345 414
1526 1604
1609 1651
929 937
617 704
1231 1235
228 302
1412 1511
1642 1730
632 722
1110 1114
123 222
142 215
646 654
525 603
1233 1304
627 716
745 749
630 700
436 453
1706 1726
644 704
1303 1350
1606 1608
734 824
1413 1444
1851 1944
804 902
1728 1753
1307 1339
1605 1631
1004 1019
132 152
1200 1254
156 236
1435 1447
827 901
1320 1417
1700 1753
1453 1455
1105 1158
1802 1843
1926 1932
615 635
1540 1628
1532 1613
1947 1950
209 242
1810 1835
407 419
529 610
600 609
1445 1542
1804 1844
1539 1551
1955 2029
955 1016
433 436
1947 2044
259 304
455 513
1505 1604
1853 1942
146 231
608 611
502 525
1819 1847
1919 1926
507 551
134 151
1812 1848
1422 1430
1511 1525
1312 1339
428 459
711 712
135 155
1958 2014
1415 1451
1632 1659
1330 1337
646 720
720 744
138 237
1912 1943
1905 1908
1827 1842
1323 1330
1916 1935
521 603
938 942
752 838
141 228
1734 1810
518 529
1104 1118
1124 1219
622 713
1839 1911
1704 1730
457 512
407 420
938 1023
1247 1248
1849 1945
1614 1616
1633 1702
634 702
740 836
1646 1733
607 622
631 659
125 217
308 337
646 700
1656 1727
1523 1550
1744 1745
1318 1326
939 1003
1531 1621
1936 1944
544 600
1354 1437
1710 1801
1215 1242
1416 1455
1533 1552
1732 1750
238 242
546 632
1046 1049
1523 1546
154 226
653 700
1949 2030
103 123
1805 1830
1327 1403
1711 1810
1824 1910
1731 1807
358 423
406 410
730 812
1241 1259
103 149
910 958
741 812
408 458
514 534
1934 2017
1907 1935
1004 1031
623 642
1856 1935
118 214
1312 1349
1724 1735
447 459
954 1046
503 536
431 434
1316 1414
1901 1946
922 941
1606 1633
516 609
1428 1445
431 439
1720 1810
122 210
1540 1546
947 1002
1744 1755
551 612
646 655
1321 1409
1851 1909
1713 1800
1846 1924
1752 1805
323 335
649 657
521 550
534 543
932 942
1603 1612
723 749
1717 1756
1508 1606
831 909
846 942
755 816
1521 1537
213 234
1835 1853
1335 1342
1006 1052
642 645
629 706
144 218
506 517
806 815
1822 1837
1537 1554
415 505
317 340
1252 1321
1522 1531
313 407
657 743
1225 1236
1039 1125
1541 1600
1242 1258
1531 1534
504 553
1805 1846
1858 1955
525 614
958 1010
1428 1446
1625 1659
1019 1040
1119 1158
506 525
1005 1032
1649 1715
654 724
458 459
233 316
1954 2041
1550 1618
639 713
1111 1138
609 656
1528 1534
908 924
1450 1541
1924 1953
1852 1943
326 425
102 123
1634 1709
830 848
217 305
538 624
1225 1306
1556 1600
1201 1247
553 634
1509 1526
540 618
859 933
1037 1050
1332 1340
1947 2038
619 644
1157 1237
330 341
802 845
1724 1732
1352 1425
200 250
1546 1554
447 506
656 706
1746 1825
314 325
751 812
1053 1114
1013 1039
1305 1344
714 745
302 400
1222 1247
1016 1103
244 258
1520 1545
940 945
1231 1311
830 854
116 118
648 729
1954 2015
414 449
1838 1916
920 921
1336 1341
1545 1629
202 223
543 631
1338 1423
1111 1143
1449 1459
757 842
1004 1012
231 317
144 204
1251 1317
634 712
809 838
616 626
1555 1636
1955 2000
324 345
1533 1610
901 937
1911 1921
602 641
1548 1641
912 928
1618 1703
1513 1527
1447 1521
316 405
1953 2041
534 605
655 746
146 202
1647 1727
433 457
1554 1638
1715 1806
1938 1954
1658 1719
1200 1203
911 921
1238 1320
205 301
1920 1931
1540 1611
1348 1355
207 306
620 638
318 319
1040 1134
319 347
717 749
1723 1803
1044 1137
1807 1903
1616 1700
1756 1843
1043 1123
1204 1250
1115 1147
601 653
1235 1259
131 215
1337 1348
103 150
625 642
635 718
1049 1127
1522 1602
612 643
1903 1934
1948 2037
707 753
452 458
1618 1642
240 329
1555 1620
1619 1627
102 200
808 905
206 234
804 813
1407 1414
1833 1915
1511 1532
1051 1121
258 330
1113 1132
1654 1746
1152 1242
1450 1500
324 359
431 432
1504 1551
1633 1643
123 214
1229 1236
205 256
1413 1506
1150 1154
1216 1306
1131 1146
905 1001
1903 1943
1334 1339
705 717
1220 1237
702 750
1605 1643
817 836
102 126
1454 1522
1252 1310
1451 1538
1538 1634
1214 1248
508 541
1752 1804
1321 1350
705 735
1542 1611
1104 1155
240 316
1146 1153
704 727
708 717
1220 1300
729 754
553 557
1554 1611
1555 1606
509 602
1845 1927
208 233
748 753
339 435
124 207
1825 1848
1050 1125
1634 1715
1351 1450
1153 1245
128 202
708 756
835 912
337 421
1803 1902
117 200
632 722
540 541
940 946
443 514
954 1042
1645 1657
1656 1724
531 600
1245 1332
451 509
1130 1216
1518 1521
1302 1313
812 827
1334 1406
1547 1643
1748 1757
118 142
530 532
1316 1326
1147 1243
301 321
1112 1135
1831 1929
832 847
1254 1328
1321 1343
1452 1520
608 639
1314 1400
1827 1914
1432 1504
612 659
1135 1152
1537 1630
1258 1343
1037 1132
1507 1525
1815 1912
131 206
1244 1320
1342 1403
930 1023
814 848
723 801
1757 1831
613 624
205 229
1513 1518
1751 1844
208 218
606 702
1025 1115
1710 1741
1036 1114
1112 1116
751 811
510 526
912 932
744 825
936 954
126 148
604 629
1406 1439
1848 1917
1859 1938
723 731
825 917
1310 1407
212 301
1901 1934
251 340
510 535
1858 1904
718 721
1651 1733
808 813
1836 1923
1533 1630
1013 1024
916 1005
1102 1120
209 238
911 914
1948 2028
242 243
248 340
1334 1340
1827 1835
813 824
1458 1503
1723 1753
1014 1023
411 501
526 611
1553 1634
1029 1119
605 648
1316 1328
243 331
439 523
837 842
443 529
118 121
235 304
439 447
128 141
733 828
1346 1348
1213 1245
1201 1247
1946 2015
1403 1414
954 1052
1907 1908
459 516
1146 1228
1706 1731
240 320
631 701
239 330
1633 1723
757 815
141 215
1035 1106
747 757
854 916
1951 1952
116 205
600 602
1706 1758
1853 1931
1027 1110
1214 1225
1007 1049
1207 1243
1232 1254
1354 1439
831 847
112 116
415 443
1626 1637
324 415
258 331
1355 1408
1847 1925
1341 1433
747 829
1024 1054
1200 1203
223 301
1119 1212
831 839
1325 1408
425 427
1052 1109
1721 1820
1849 1920
1129 1206
1910 1952
529 607
1210 1307
431 514
1011 1024
1443 1520
219 252
202 203
1002 1016
228 237
1328 1407
142 229
126 212
1831 1902
641 725
855 920
1109 1115
1142 1232
1927 2007
1009 1056
552 647
733 749
850 928
1534 1537
600 632
557 653
1048 1116
1833 1849
1234 1308
1821 1900
349 447
1952 2041
1625 1635
1301 1313
331 352
214 303
1454 1520
327 419
514 543
1722 1725
356 409
527 543
858 945
1250 1252
540 602
1532 1615
1412 1459
1811 1839
342 402
1421 1510
215 256
1021 1026
106 153
747 801
734 832
1119 1136
1520 1540
1207 1301
422 434
134 209
402 442
524 525
1923 2021
1544 1608
240 256
503 510
225 320
758 806
1505 1520
336 339
746 828
854 925
1417 1516
1416 1432
1252 1320
641 732
1849 1906
200 239
1025 1053
911 952
1442 1509
353 438
1531 1537
1422 1432
1328 1342
859 943
737 812
1904 1909
548 639
1833 1925
1603 1618
226 301
1956 2038
157 251
1911 1935
1019 1117
1907 1938
644 702
1156 1231
950 959
557 639
1015 1111
335 351
221 224
1032 1057
1355 1426
945 1030
1711 1730
640 704
1903 1945
1253 1349
1528 1614
1819 1842
1114 1127
1010 1048
1123 1221
646 708
426 511
1750 1846
537 630
225 311
1041 1050
1038 1111
1953 2052
245 328
1753 1845
503 528
323 339
325 411
129 225
1342 1438
427 519
915 1009
1642 1651
924 954
1111 1130
1635 1704
952 1043
528 625
1915 1918
526 605
1737 1806
1029 1105
835 933
1022 1038
214 308
532 626
1917 1955
918 942
844 926
1402 1449
1623 1637
1631 1707
1335 1357
353 357
1606 1628
959 1021
1332 1422
1819 1857
907 935
655 742
1939 1953
1146 1154
515 544
348 430
638 711
839 903
1520 1613
1610 1709
611 647
147 229
1515 1603
1936 2032
659 708
1747 1814
637 713
1320 1322
1510 1605
157 242
1303 1352
910 957
927 1026
1728 1749
952 1006
928 943
925 951
156 251
1645 1653
120 216
720 755
1752 1848
1041 1121
1458 1507
1203 1219
202 214
1940 2004
1933 2007
345 358
939 1003
723 741
1533 1552
1614 1653
821 827
1702 1717
1545 1556
1440 1508
1304 1316
133 147
657 748
357 414
1328 1405
1355 1356
1620 1628
646 656
919 1001
1159 1212
1649 1708
914 937
906 948
143 216
623 701
1412 1416
1629 1641
1421 1435
406 455
710 715
1639 1650
1727 1812
538 603
1800 1852
1622 1651
642 658
605 606
614 633
1657 1721
1446 1525
1805 1900
1732 1827
1928 1936
1345 1359
1704 1744
801 832
852 923
644 701
1634 1648
1520 1527
1027 1049
252 326
1243 1248
628 637
1841 1929
1637 1714
557 635
805 859
604 646
444 529
937 1008
444 504
1257 1332
1852 1854
1056 1149
1812 1851
407 441
1241 1318
1247 1256
215 233
1508 1549
459 543
1202 1230
215 223
146 232
807 846
536 549
1544 1607
1012 1055
349 433
850 926
1716 1806
642 721
1540 1541
451 513
642 734
1447 1501
1549 1611
1037 1052
1940 2038
1056 1122
146 212
731 810
951 1030
1859 1911
1335 1337
1026 1120
739 746
841 909
329 358
1914 1939
816 911
744 746
1635 1702
902 956
844 913
1155 1201
1116 1123
245 327
1153 1208
139 156
1626 1719
1521 1538
1505 1552
624 635
427 504
1438 1524
415 437
340 437
736 752
459 517
726 745
135 213
313 329
641 700
1949 2014
727 822
1410 1459
1920 1942
1343 1442
334 336
1458 1510
1645 1701
1520 1602
656 721
752 808
1401 1446
334 344
1952 2001
1341 1435
745 844
938 949
945 1027
1601 1611
1639 1723
1033 1113
338 430
1311 1351
1929 2001
741 814
711 739
1305 1344
852 920
342 426
918 931
1102 1113
1746 1749
1808 1819
804 833
1221 1316
1938 2011
1149 1152
410 448
240 322
915 928
548 555
1147 1159
1540 1638
224 301
507 530
337 402
1438 1448
1925 2023
1547 1606
340 425
1905 1949
1754 1851
536 631
1139 1211
127 216
114 115
1521 1551
1201 1245
824 919
607 625
1952 2007
425 520
552 606
401 445
1812 1841
1639 1734
900 959
1603 1606
1222 1258
529 605
737 805
1806 1831
536 627
944 1021
1917 1947
215 220
1128 1209
1024 1033
515 517
552 628
1907 1941
1944 2031
1250 1321
1728 1755
1914 1947
1702 1739
424 506
533 539
200 215
952 1016
1701 1741
1611 1644
1232 1308
1242 1303
1901 1943
1914 1926
1551 1622
300 352
1921 2014
1253 1310
1809 1835
1318 1348
940 944
1825 1914
1209 1234
1534 1545
1508 1557
532 558
1721 1754
427 434
1133 1219
1115 1153
715 736
1505 1532
1719 1812
512 555
231 312
553 627
1523 1622
1736 1742
819 904
1227 1300
455 500
1800 1804
1057 1146
316 317
945 1020
1647 1648
331 340
238 252
1536 1546
411 439
1213 1235
1610 1652
1659 1732
1053 1146
1448 1457
430 431
1603 1632
1645 1738
835 852
515 516
124 200
213 304
940 1015
1930 2023
626 641
1015 1058
829 859
1308 1310
804 822
631 704
305 330
1720 1802
1924 2000
944 1003
158 231
1312 1404
1147 1215
202 203
1401 1453
543 635
1205 1223
1706 1753
915 920
147 150
959 1050
1456 1547
512 521
656 714
1414 1427
820 905
1733 1734
1319 1321
1141 1206
1739 1810
346 444
509 541
612 615
1903 1914
814 833
1839 1908
353 446
1710 1745
1343 1440
1933 2027
1532 1601
1854 1901
1617 1642
1809 1811
1427 1444
133 148
1810 1909
850 928
343 400
641 653
427 433
455 544
1439 1444
317 322
157 218
1204 1223
1736 1818
618 645
1104 1144
1737 1742
1915 1919
1037 1052
1937 1950
1731 1739
304 348
1002 1015
1309 1317
144 236
355 425
1155 1216
1345 1349
1705 1752
1042 1054
1307 1308
650 735
618 709
539 607
1914 2009
315 317
1213 1231
1642 1709
735 815
1156 1232
531 621
1914 1955
1528 1532
1611 1709
1212 1249
1457 1506
1532 1538
1148 1231
337 423
537 544
936 1035
413 502
104 106
1056 1151
1738 1835
351 413
536 624
413 420
356 450
131 221
301 319
1613 1622
508 607
715 735
429 444
622 654
1529 1610
1038 1117
1723 1811
1105 1133
1910 1928
247 328
1246 1345
1244 1246
1316 1415
1527 1556
1635 1732
935 1019
1842 1919
1622 1705
1536 1617
1200 1209
1911 1954
1431 1440
1856 1931
820 844
408 442
1045 1052
400 459
1613 1644
436 444
1610 1638
321 406
948 951
929 952
1206 1227
1230 1242
1154 1223
228 253
500 533
745 804
1830 1835
1019 1025
332 402
1937 2000
1412 1428
1818 1827
110 150
400 458
1034 1057
1152 1227
526 554
1338 1355
355 443
1038 1120
422 515
807 824
502 504
1900 1912
730 809
1412 1452
1836 1846
749 826
201 251
1636 1715
319 418
207 208
834 842
1158 1229
635 642
717 733
1545 1607
1941 2037
1943 1946
405 503
612 702
1232 1311
631 706
1126 1222
1011 1105
1807 1850
1214 1306
1559 1623
251 252
1909 2007
619 635
615 625
843 933
943 948
1231 1252
1124 1205
1758 1847
1815 1830
318 353
1854 1947
535 629
143 209
508 528
529 619
1233 1320
1110 1144
1757 1804
748 837
1014 1110
258 354
1711 1716
1612 1648
512 608
731 752
1200 1211
1544 1552
1910 2004
1008 1103
202 228
702 747
1500 1539
1919 1944
1813 1823
729 819
1130 1145
657 728
1042 1110
1935 1955
1321 1323
1017 1021
915 919
1741 1758
1020 1112
1936 1956
703 705
1250 1329
826 854
252 326
1501 1526
300 347
641 651
1058 1105
751 815
1910 1920
532 548
1327 1404
1428 1503
213 233
1442 1452
403 452
412 500
1041 1136
448 528
1719 1815
947 1043
1313 1405
500 501
1944 2035
237 311
1205 1259
821 838
848 900
432 505
321 344
736 755
1545 1641
1011 1058
1019 1049
1800 1824
1248 1328
341 355
1108 1138
557 632
726 812
1738 1803
235 237
1155 1219
432 512
1610 1702
1818 1900
1219 1241
1018 1043
1930 2004
421 501
1152 1216
202 228
647 739
1800 1859
1055 1119
1819 1903
357 431
225 302
703 710
1455 1548
1152 1220
243 256
717 738
225 323
1615 1650
1210 1211
631 729
1034 1118
1315 1344
404 434
152 224
1937 2021
1802 1809
1525 1532
1452 1533
402 413
334 416
639 642
1331 1339
431 437
934 1017
1654 1739
538 613
1517 1601
1146 1202
1748 1847
1628 1659
1311 1313
1512 1520
1520 1610
649 701
441 443
1200 1232
351 356
617 630
1418 1444
1848 1908
641 726
317 404
1804 1811
811 854
326 424
210 303
703 755
1958 2009
1418 1512
1630 1721
1946 2010
1612 1620
154 206
1753 1839
1304 1323
309 401
1652 1702
836 914
1513 1603
732 758
820 859
1001 1056
1256 1317
1230 1256
1230 1302
1306 1324
524 608
1454 1529
1839 1927
1715 1752
1405 1437
714 730
134 150
237 238
1830 1852
1011 1013
544 630
905 949
1703 1710
139 208
621 648
941 1026
1056 1116
1247 1302
1307 1352
1704 1723
610 638
601 603
700 735
708 801
440 513
1913 1920
423 522
348 425
539 544
643 730
606 705
1729 1818
752 847
222 249
811 814
1504 1506
1828 1900
442 456
1536 1550
1752 1804
1501 1514
524 537
208 225
1534 1555
1141 1144
1331 1426
1641 1728
141 202
117 118
1226 1254
1714 1758
625 658
420 504
112 139
849 850
1457 1548
1153 1154
1006 1035
735 736
1533 1614
1449 1451
1147 1152
757 829
357 432
1116 1136
1226 1301
1045 1129
414 438
443 540
947 1013
706 734
1207 1225
1158 1223
745 837
338 418
1333 1405
808 825
859 936
1333 1338
1112 1137
1511 1538
112 147
1714 1725
1546 1625
1228 1316
223 236
1710 1739
526 618
336 357
1534 1601
1114 1136
343 428
1012 1050
220 252
1922 2005
418 436
402 403
1613 1634
441 536
1007 1030
1317 1329
336 344
1252 1302
1836 1918
806 855
936 1011
753 804
1327 1420
1945 2036
1634 1712
1511 1541
232 319
108 159
722 806
629 644
1643 1717
1551 1641
1706 1725
1514 1603
1205 1239
636 653
1725 1818
944 1022
1827 1850
1331 1355
1628 1639
1139 1238
655 718
1229 1243
428 513
631 653
1330 1337
824 832
651 706
1411 1440
1351 1430
1521 1528
1001 1017
1000 1027
226 247
1123 1209
1113 1200
446 518
241 324
710 730
1058 1116
305 359
1049 1141
257 349
200 204
1120 1125
1239 1249
1359 1422
1838 1841
1802 1813
630 717
1758 1851
811 856
243 330
651 706
1145 1150
1720 1812
118 122
104 109
449 548
715 739
447 450
942 1004
928 934
145 207
1616 1702
131 147
1150 1240
450 459
1418 1450
1812 1859
731 734
1538 1617
341 413
649 654
539 638
1823 1902
844 849
713 747
1209 1238
126 151
1058 1110
1031 1034
623 707
415 457
146 227
228 229
1659 1712
1152 1244
1726 1756
354 413
730 758
1924 2002
606 609
118 159
1021 1032
1332 1425
1825 1918
308 331
300 314
113 114
434 516
748 829
425 508
1657 1743
1306 1339
356 446
1000 1007
1451 1527
1651 1735
905 956
1238 1312
1523 1540
224 308
344 356
1939 2031
355 451
223 244
1239 1315
1716 1735
639 705
1720 1751
1750 1751
841 929
1811 1904
435 532
1936 2008
1646 1718
1508 1511
915 951
1819 1837
942 1016
853 904
1950 2048
1554 1558
1801 1814
1520 1537
753 845
1035 1059
1344 1440
106 128
355 400
1332 1401
1126 1211
1437 1533
1425 1513
520 523
1055 1126
304 326
238 242
1543 1637
1616 1713
353 452
1205 1240
1844 1922
1759 1843
308 337
409 505
1720 1754
105 137
1100 1112
930 1018
629 720
518 548
654 750
316 357
1428 1518
924 938
241 316
1526 1543
619 644
452 509
1103 1201
1952 2047
1028 1127
1605 1611
319 414
125 157
1252 1313
1305 1308
1932 2007
1707 1727
245 310
806 829
1453 1520
136 154
449 533
1631 1727
121 212
1900 1918
1304 1331
802 811
833 858
1203 1220
203 249
1556 1607
822 825
1120 1214
727 735
1019 1054
950 1049
1024 1101
1208 1243
516 550
1903 1932
1111 1132
714 738
1523 1549
1432 1450
406 448
820 821
504 532
1958 2028
234 316
243 321
1638 1702
1833 1847
157 227
943 1022
310 328
613 712
846 858
1926 1946
1508 1532
721 744
1727 1807
608 614
1815 1853
547 617
917 934
1935 2015
1448 1541
842 928
1641 1730
1742 1813
1404 1444
105 202
415 421
244 320
1015 1108
529 607
346 420
557 642
1229 1247
1736 1811
607 641
325 349
1204 1221
432 530
1625 1711
737 758
153 201
904 930
359 434
1124 1205
746 759
1640 1650
316 322
818 915
113 130
1215 1225
1850 1940
259 322
232 326
1839 1856
429 523
511 522
1736 1835
1724 1742
1156 1245
241 253
126 151
558 645
850 914
619 620
1455 1519
316 351
107 154
1231 1300
1839 1902
829 855
204 235
415 445
1348 1412
807 824
612 705
110 125
453 550
1713 1808
718 816
146 147
859 909
1143 1228
502 543
729 816
1109 1121
233 301
424 521
737 757
312 400
1841 1915
908 921
255 302
500 504
544 614
1824 1826
124 152
1409 1424
1213 1229
413 448
1736 1740
1026 1050
1112 1148
143 220
746 827
1710 1750
1912 1927
519 536
712 715
1659 1730
830 851
304 316
1039 1129
853 859
317 346
611 628
1105 1139
755 807
611 612
1552 1602
1926 1947
1825 1831
713 755
837 842
1956 2041
1315 1341
851 906
512 610
1924 1935
559 614
155 247
1027 1047
332 348
211 251
1353 1420
141 148
1757 1840
1949 2020
1043 1124
629 643
946 1004
657 732
1047 1111
1252 1332
1206 1252
837 859
545 620
1255 1308
418 442
1601 1616
1901 1947
1822 1907
1233 1317
1753 1851
321 419
940 1030
1850 1949
1737 1828
1439 1443
1533 1539
504 539
740 815
214 234
559 603
1025 1110
1036 1113
1426 1517
1100 1101
354 440
601 606
108 126
615 624
1811 1836
1628 1716
1757 1836
729 750
403 435
1942 2009
1028 1115
1742 1820
325 422
603 607
1300 1344
1144 1212
1249 1303
1002 1025
1918 1950
1949 2041
345 423
1021 1053
503 544
1135 1214
743 838
116 120
1243 1328
556 615
1408 1507
844 926
346 423
1847 1905
1257 1348
518 540
1950 2005
1738 1805
600 602
1209 1227
133 231
602 656
1045 1101
527 607
1208 1250
1421 1511
558 627
908 940
1818 1904
856 952
1228 1301
1123 1127
1405 1444
1137 1225
452 528
1701 1723
314 325
1241 1313
1613 1630
104 134
1207 1226
1813 1904
1315 1316
1026 1120
1101 1122
1040 1112
1929 1946
340 429
1005 1019
1240 1316
556 643
715 743
1937 1955
1655 1727
1249 1304
848 933
1917 1947
1746 1808
216 220
1157 1221
635 649
339 402
341 416
730 800
1938 2031
1437 1518
1645 1656
929 1014
1633 1641
857 908
1116 1143
212 213
348 423
1057 1127
1503 1548
1305 1313
431 524
326 359
957 1046
1544 1604
1659 1711
1845 1915
757 815
1759 1853
231 311
146 241
1134 1138
1904 1915
948 1013
402 423
1947 2029
213 226
837 843
716 723
228 319
1145 1230
905 939
104 132
637 716
825 846
143 217
532 610
1901 1921
324 348
1338 1411
925 1023
1027 1044
537 626
1854 1902
1222 1247
1037 1106
1534 1543
229 259
336 339
1025 1032
1200 1235
805 847
1910 1940
901 903
1141 1231
1554 1635
358 454
729 736
109 137
1612 1700
330 350
1538 1541
531 558
234 246
158 242
701 756
744 751
1723 1759
1658 1741
1621 1654
1556 1619
529 558
1420 1436
1521 1529
1407 1503
700 735
614 630
1442 1529
1530 1544
645 701
1252 1313
611 637
1129 1222
1422 1433
542 633
1250 1308
1843 1940
825 858
603 637
733 832
1104 1144
1547 1641
1948 2004
1456 1538
1122 1210
831 907
1804 1818
1142 1226
508 519
1345 1431
440 522
1821 1841
1147 1245
420 519
618 654
452 502
903 944
133 153
653 746
1202 1236
1255 1303
1713 1811
207 226
825 856
252 338
1506 1545
1537 1606
540 600
806 900
1207 1214
430 452
1739 1833
432 500
917 920
234 302
1217 1228
1637 1731
1321 1326
618 717
400 455
1840 1936
1026 1048
818 851
935 1031
1951 1955
533 539
1326 1350
447 522
1708 1734
1200 1217
1008 1031
957 1030
139 218
431 513
1949 2005
1051 1119
222 234
139 217
417 455
148 207
1533 1614
1522 1537
517 550
1350 1351
105 141
901 957
551 634
452 515
908 918
912 917
1138 1224
411 448
813 843
1032 1121
257 259
331 425
1326 1407
1421 1516
554 601
1910 1930
945 1001
1157 1241
253 341
859 927
848 909
1543 1610
1614 1624
119 128
1136 1207
350 445
1757 1811
747 805
1206 1213
907 927
1712 1724
736 835
104 108
926 1003
1107 1205
943 1040
328 410
714 744
104 136
1103 1141
618 701
1306 1344
1559 1626
330 334
954 1007
150 240
431 439
949 1048
1451 1527
317 324
433 518
138 235
518 550
228 254
1110 1119
455 505
309 351
1627 1720
546 633
257 347
720 744
940 1011
1905 1942
319 409
536 551
1539 1630
529 534
1947 2022
1954 2014
1054 1138
239 244
1525 1550
1942 2031
1840 1939
1842 1904
1554 1637
1217 1250
446 511
839 935
1311 1337
1934 1950
1809 1824
944 959
244 249
803 856
835 846
1520 1611
1014 1102
1136 1137
507 536
1724 1808
413 426
1011 1045
855 929
1049 1145
1858 1939
642 712
319 358
1147 1239
1257 1323
1326 1403
1625 1713
908 924
1932 1948
1118 1150
1755 1834
125 126
615 656
552 628
1619 1624
409 432
1357 1452
908 1001
1310 1350
1704 1727
1846 1922
323 410
1500 1535
626 630
1907 1930
1456 1535
1318 1413
348 349
243 300
136 230
1214 1235
1004 1024
1021 1031
1811 1906
700 703
522 527
229 250
1641 1643
1500 1557
1854 1943
744 828
754 824
556 607
728 747
715 735
226 228
1625 1700
124 125
1734 1807
1709 1751
1035 1052
604 622
600 641
1626 1702
137 210
1052 1100
554 651
1615 1616
513 533
1414 1458
731 807
641 705
354 404
1735 1834
1332 1400
939 1005
1300 1332
404 430
521 533
1445 1540
342 413
211 212
1908 1956
1511 1552
902 926
341 432
150 208
1515 1534
1527 1613
950 1007
419 426
1959 2006
205 236
1105 1200
333 410
1917 1947
712 714
243 324
1756 1831
1733 1734
1413 1503
1816 1826
936 946
424 502
1414 1507
946 1004
1936 2017
245 331
932 1031
708 710
317 353
1404 1457
1447 1453
1133 1203
927 1022
733 819
1712 1738
1427 1523
1505 1537
735 814
1858 1930
1445 1518
251 316
808 841
605 610
1121 1131
834 840
543 608
905 941
356 454
1314 1347
1656 1720
1204 1252
506 543
1708 1710
421 513
1554 1616
333 427
328 421
909 932
1249 1256
447 537
139 217
1929 2000
230 248
401 453
940 958
1302 1354
1122 1205
1545 1614
1641 1738
1228 1254
604 658
1813 1827
1334 1425
1250 1343
336 349
1440 1458
1044 1046
153 206
527 544
659 716
452 521
1451 1534
502 548
1928 1933
627 708
212 219
1450 1547
441 512
332 336
1349 1443
1745 1756
924 939
1030 1129
1945 2020
304 339
1657 1751
230 239
1755 1815
1810 1907
401 442
1712 1809
1945 2007
122 141
820 911
1642 1702
1655 1737
622 719
1049 1138
429 456
1842 1904
1303 1327
121 131
413 415
1650 1716
1540 1541
244 325
940 947
1247 1343
240 243
149 236
1008 1045
142 241
1156 1230
1915 1955
958 1015
950 1002
1021 1042
526 538
828 926
349 415
1000 1052
452 453
1456 1510
1636 1659
1647 1738
351 433
1946 2038
1018 1026
1148 1222
351 426
1523 1615
347 422
1044 1100
711 750
1723 1751
1012 1028
326 342
248 314
1837 1901
1043 1131
126 134
1804 1856
1351 1411
1154 1227
1656 1746
626 714
1518 1616
1348 1351
1311 1326
1207 1238
1751 1845
234 245
1208 1219
1424 1506
1831 1900
254 352
633 642
1909 1952
1613 1706
504 530
232 301
1005 1038
1527 1608
1044 1129
1936 2001
1457 1543
1955 2006
1430 1503
1638 1710
1833 1838
154 248
1406 1455
1709 1801
1444 1519
102 155
317 353
602 624
716 804
1200 1251
552 559
744 841
1656 1740
1305 1353
734 807
813 857
452 526
318 401
1218 1259
757 852
935 1003
234 258
933 947
1958 2014
1558 1650
142 225
335 411
1724 1819
1149 1241
1850 1934
805 818
115 126
1154 1205
640 653
1053 1126
659 714
137 142
1912 1921
1510 1538
244 313
1901 1940
842 905
736 737
1752 1834
429 436
541 606
1929 1933
1916 1925
829 902
1119 1133
727 800
643 657
552 603
1359 1400
151 245
1546 1643
1454 1542
1813 1909
1727 1810
1956 2044
139 152
123 131
1825 1921
815 849
1328 1408
202 244
1553 1612
444 539
925 951
623 634
1011 1043
653 750
537 614
637 650
903 938
1153 1206
755 817
1742 1750
1948 2031
1651 1750
431 503
204 244
223 309
545 613
1915 1953
1649 1721
1217 1312
1333 1403
1540 1606
752 847
227 321
217 309
1854 1929
1127 1210
1248 1333
842 930
1404 1432
120 141
1118 1130
259 329
1614 1645
753 852
1814 1848
1318 1320
512 531
1421 1425
748 800
1146 1220
329 334
1000 1016
1823 1826
821 836
413 450
1230 1322
1346 1414
149 227
1002 1025
624 657
552 607
1755 1759
745 824
436 531
1547 1559
551 636
627 720
1018 1027
125 134
154 228
1412 1419
702 740
1546 1634
1343 1428
426 428
950 1010
1750 1845
715 809
1546 1625
1552 1621
1405 1431
1427 1437
1534 1552
106 128
1809 1854
830 846
317 344
1604 1638
1015 1033
1144 1218
855 935
1844 1923
504 526
804 818
1234 1304
1600 1654
439 443
255 313
305 326
1157 1253
1154 1234
127 134
1043 1057
106 131
1412 1416
1024 1117
909 1006
1645 1708
1051 1105
156 219
1538 1605
548 631
1516 1536
1515 1611
1736 1821
627 721
323 335
1133 1204
1118 1211
156 200
1915 2013
738 825
504 538
138 156
1248 1339
1404 1439
1514 1515
1536 1628
1427 1451
435 444
239 327
926 1003
1557 1609
600 633
1932 1943
1938 1943
1401 1439
1503 1512
723 729
153 200
1359 1418
1530 1553
242 247
1528 1611
633 641
1605 1649
1658 1701
106 205
1324 1400
803 829
1954 2008
827 926
1041 1110
845 852
1812 1859
1259 1338
119 217
1709 1734
1519 1540
703 741
826 834
1656 1727
1532 1618
612 643
1100 1112
944 957
1640 1710
134 150
1942 2010
109 147
649 727
649 714
930 953
1702 1745
113 119
226 245
258 341
155 226
417 445
627 726
1606 1704
1304 1312
1223 1259
759 831
1050 1142
643 706
909 939
1933 1945
107 147
1020 1103
517 537
1651 1659
653 752
445 526
1246 1326
1219 1234
1316 1321
931 947
1447 1540
1328 1415
1231 1327
1801 1825
827 828
711 738
1846 1924
1647 1722
502 522
1018 1023
1918 1938
857 954
1208 1242
849 936
1333 1415
1755 1813
1036 1129
149 217
718 737
1140 1203
201 240
320 328
1107 1115
350 405
139 203
1357 1446
1504 1517
1953 2045
312 315
1928 1956
1040 1129
1949 2016
530 627
1115 1150
505 603
1425 1508
1631 1726
554 648
1238 1311
1040 1113
945 1021
958 1046
633 649
1853 1931
1418 1445
906 912
1228 1326
1306 1312
617 652
530 550
1409 1455
1530 1545
434 526
611 658
1701 1727
613 643
821 906
1828 1921
1254 1301
715 738
435 519
755 757
1208 1217
946 1032
1216 1307
749 813
1313 1321
1250 1312
1135 1227
1735 1812
1036 1108
1108 1132
651 723
1628 1649
1450 1451
242 306
1449 1509
1114 1149
1732 1803
424 447
1417 1447
1157 1200
1016 1045
853 941
1832 1912
612 655
916 951
351 427
1349 1420
1037 1130
1847 1935
1457 1517
949 1034
1935 2022
1404 1423
1253 1335
1848 1849
1136 1213
1314 1327
639 737
1350 1444
1640 1653
1604 1655
1358 1442
1534 1624
625 722
446 544
1551 1645
318 333
1641 1646
401 500
127 200
1802 1837
737 813
817 851
1055 1144
1300 1315
1957 1959
1458 1552
1442 1514
622 649
139 210
606 655
1137 1155
840 854
130 214
545 557
1014 1030
1737 1803
256 339
1759 1829
1453 1529
819 900
1549 1643
1638 1704
934 1002
1515 1613
1209 1236
1435 1506
1637 1731
1857 1907
1040 1042
1448 1542
414 426
537 555
611 639
653 731
229 309
1139 1223
522 526
1225 1234
1809 1820
1202 1240
1553 1556
949 1018
1329 1422
621 700
913 1012
1156 1217
127 133
629 647
802 835
327 407
1427 1446
1125 1221
1015 1057
137 139
1823 1847
1428 1506
1501 1552
331 403
1956 2045
1931 2019
1655 1747
928 935
1237 1335
1945 2024
403 427
555 647
511 602
511 528
1555 1557
1836 1910
620 625
1628 1723
1621 1647
535 619
1544 1626
1318 1329
110 202
1754 1834
1327 1416
119 145
844 927
253 257
1818 1833
407 419
1154 1239
1625 1709
339 344
312 404
1944 1955
410 503
838 855
1600 1635
1459 1528
928 1027
1134 1212
1249 1324
353 444
106 205
148 154
418 443
1348 1447
640 727
128 220
420 505
432 453
1225 1229
834 924
851 941
220 222
1852 1933
707 730
105 110
624 627
757 816
1217 1235
1538 1545
742 838
1817 1849
1803 1845
506 510
551 555
1030 1113
1250 1343
451 503
433 505
1457 1539
1424 1438
518 531
1157 1254
345 413
1914 1937
604 643
835 908
1050 1109
242 313
458 519
812 850
850 921
933 1022
305 339
416 456
1140 1200
848 854
306 319
1605 1616
1944 2005
415 435
1759 1858
553 607
1413 1428
821 906
300 327
923 1013
112 209
1916 2004
1103 1108
1603 1653
549 614
1425 1429
913 919
1247 1310
233 324
1029 1058
437 519
1257 1307
1049 1128
453 532
129 146
1131 1142
1904 1917
1151 1240
1004 1031
835 924
830 913
1041 1119
123 131
1332 1351
722 812
705 758
715 753
1641 1717
1606 1607
1745 1815
242 333
1716 1755
440 519
1847 1913
454 509
521 532
1715 1727
1659 1749
622 718
1620 1646
1016 1115
1928 1954
1020 1042
227 229
1328 1356
301 348
512 528
1242 1309
509 602
1028 1037
643 659
1711 1721
1744 1759
1722 1816
125 137
444 445
459 537
1504 1600
814 849
838 908
435 508
446 512
642 724
1324 1410
1549 1646
747 837
635 657
1007 1054
701 704
1518 1609
1655 1700
600 633
1107 1129
1159 1249
528 558
756 800
701 741
1335 1425
454 524
1127 1132
1745 1825
1800 1843
312 315
423 505
329 345
1224 1251
1428 1458
911 918
620 652
1941 2033
1632 1653
744 749
356 429
409 440
1511 1551
1526 1559
1250 1329
1300 1325
925 1019
100 154
1150 1235
1911 1940
632 701
738 748
517 554
1033 1037
1040 1047
422 429
628 635
127 213
959 1021
228 238
603 646
544 633
1845 1931
1415 1505
244 258
1237 1326
940 943
800 843
634 639
338 419
1134 1137
951 1045
1016 1045
635 639
255 302
205 259
1816 1907
1019 1053
1609 1645
420 436
552 639
1401 1436
1513 1521
1622 1655
1519 1536
1347 1414
245 254
1149 1221
941 946
1910 1942
211 302
1519 1528
349 408
1313 1341
1704 1711
544 635
1232 1328
520 606
839 935
517 541
1627 1707
1745 1821
1727 1746
658 725
342 432
1428 1505
1416 1449
105 138
317 345
455 552
1745 1841
1009 1044
1617 1640
1346 1351
1948 2032
439 519
1252 1318
1112 1125
1850 1922
519 530
1111 1201
1102 1115
519 600
1816 1839
110 203
1450 1540
1943 1956
1604 1651
406 456
1640 1642
439 503
802 804
1036 1039
1443 1525
1208 1210
1535 1536
1434 1526
430 449
1329 1331
1423 1513
1250 1255
1927 2020
957 1007
517 521
206 241
450 527
1801 1852
1801 1802
650 747
1349 1416
830 908
910 1000
354 438
951 1000
319 416
646 735
119 202
426 453
1729 1755
1112 1208
1416 1455
857 905
338 355
848 911
1526 1619
1519 1535
745 811
1353 1403
1253 1315
346 445
1450 1511
705 734
1130 1200
1319 1320
1458 1531
419 424
1518 1553
133 215
706 729
1517 1530
1534 1538
1320 1414
1049 1135
151 233
642 708
1439 1514
954 1028
1543 1633
1908 1915
1716 1724
917 1008
321 412
935 1002
1024 1049
1651 1738
605 618
409 427
337 404
224 240
532 551
1557 1655
1631 1659
1956 1957
1409 1454
1700 1712
202 248
1953 2002
1745 1822
1154 1213
1302 1339
142 229
903 907
1317 1318
1749 1801
400 443
724 726
1025 1057
1242 1300
1154 1248
1717 1800
608 707
1056 1113
720 739
1114 1204
443 539
1452 1539
1807 1828
1709 1805
1120 1145
250 339
613 655
211 307
102 129
1352 1443
836 901
526 556
1405 1421
738 817
1949 2030
732 747
1000 1005
542 614
204 205
1516 1610
543 619
330 414
1413 1450
318 358
310 317
1047 1115
404 422
1222 1321
721 813
627 638
1336 1353
1518 1540
315 350
728 818
1045 1107
121 133
743 818
1100 1128
1208 1251
1156 1219
1721 1808
1256 1322
1342 1437
1418 1455
103 115
357 430
136 200
1300 1357
1500 1553
1148 1229
1004 1043
1657 1718
352 447
1429 1502
116 215
1710 1743
453 542
338 428
1424 1455
630 710
534 600
451 514
427 440
546 638
1303 1314
1205 1225
1635 1709
1539 1550
1600 1636
1111 1124
1218 1256
1829 1855
1727 1818
239 255
655 746
1055 1112
1321 1334
216 228
1929 1933
407 437
1129 1210
332 348
1207 1249
416 509
504 518
107 201
1833 1931
125 152
1627 1707
436 459
1450 1536
1036 1133
1710 1734
143 211
646 658
556 649
755 854
204 221
324 404
353 354
423 442
1142 1235
1820 1842
649 707
1848 1855
1353 1435
141 205
941 1036
1205 1252
1116 1143
306 334
1151 1155
125 158
547 601
1359 1436
1809 1824
1932 1948
811 835
1742 1810
923 1006
110 132
1800 1831
1438 1446
735 816
557 649
120 126
1840 1907
1349 1441
151 228
1046 1107
1509 1532
857 915
322 405
918 937
1801 1824
527 620
851 926
1903 1936
1801 1855
557 642
906 931
1854 1910
621 625
1443 1444
805 826
954 1051
1800 1856
232 301
253 254
918 1015
1625 1627
1806 1821
505 525
1537 1605
1931 1941
248 257
652 700
415 445
1011 1050
717 815
803 858
1614 1704
256 315
1417 1455
1630 1645
443 528
513 539
1711 1807
750 840
1600 1604
215 300
1143 1221
1832 1912
813 824
1733 1823
243 310
1835 1843
1832 1916
1228 1312
1312 1400
418 419
945 1007
737 813
226 242
1529 1619
625 659
1515 1550
1244 1315
852 924
1814 1855
1113 1206
1854 1905
331 404
703 738
1809 1829
1942 2009
1254 1255
642 728
1208 1219
1043 1055
1327 1356
1213 1253
209 215
1814 1840
140 141
419 422
1310 1337
1725 1729
832 843
724 748
1927 1929
452 541
1218 1301
1945 2032
1427 1517
747 750
1428 1515
429 500
1942 1945
223 256
703 715
859 900
1548 1635
1138 1220
1744 1826
1438 1509
1301 1306
1725 1818
1341 1346
1637 1726
422 500
355 412
1909 1955
1012 1034
1659 1747
806 901
510 544
752 838
1022 1026
855 918
526 613
954 1034
1747 1806
1039 1126
1221 1239
1522 1543
725 800
1017 1047
1334 1403
1317 1331
750 844
1812 1840
1313 1330
843 937
1228 1319
1517 1530
1555 1614
1105 1138
1922 1952
155 203
1237 1336
410 502
327 337
1328 1333
942 1003
1110 1208
353 432
1624 1716
1112 1156
1525 1544
1729 1740
510 527
346 417
1143 1154
1244 1302
1036 1133
540 630
107 108
1506 1525
1952 2033
812 846
1704 1711
1609 1619
355 407
1420 1508
645 722
547 556
158 227
255 346
1833 1918
204 210
1544 1615
1048 1123
243 247
926 1013
627 707
921 949
428 506
452 537
836 915
1336 1400
1755 1832
201 214
340 352
819 911
627 645
1815 1857
359 406
554 621
1041 1055
401 459
1535 1609
732 817
1337 1349
1418 1424
621 633
1220 1230
301 306
1854 1951
510 545
1447 1504
1220 1316
1941 2025
1749 1809
1645 1701
1540 1608
1231 1307
852 937
1810 1832
711 809
1136 1227
1607 1611
441 539
1617 1652
350 418
1424 1514
1857 1903
1831 1923
1747 1843
1957 2001
1242 1331
1102 1132
336 417
100 149
125 145
959 1032
1529 1627
349 412
414 501
722 818
826 842
1233 1242
731 811
1353 1408
1516 1532
743 835
612 614
104 138
532 621
619 707
1153 1205
1342 1409
124 129
316 326
430 525
727 743
1025 1121
1819 1856
649 717
1006 1023
246 304
548 640
1911 1954
1231 1237
242 332
625 709
200 223
849 904
1539 1547
246 310
836 910
1857 1916
458 509
349 401
612 702
836 901
1421 1506
1141 1217
710 758
1715 1719
1746 1825
1811 1858
1040 1046
902 940
557 630
212 236
754 842
1134 1220
617 658
1031 1111
403 436
403 451
1924 1950
1848 1937
1440 1449
318 417
1528 1611
1112 1210
1521 1612
811 821
1755 1840
244 324
932 956
533 608
426 457
1054 1134
203 230
137 207
1634 1729
1454 1509
1213 1229
1133 1229
634 639
141 240
952 1030
1759 1828
1715 1804
1236 1335
154 236
612 634
857 953
1626 1650
1755 1833
1820 1844
1313 1334
1336 1413
1820 1822
1959 2045
654 729
234 244
932 1029
1125 1204
809 859
918 926
1654 1714
1800 1848
1828 1907
344 427
1923 1937
1845 1938
311 404
1347 1409
522 534
210 219
319 416
347 355
1902 1958
1423 1513
1358 1427
406 429
248 319
1544 1553
426 457
532 606
825 836
1209 1236
1223 1229
752 759
735 737
447 500
1622 1658
1729 1731
939 950
235 302
1910 2003
223 300
333 337
1006 1047
1220 1309
632 700
1441 1526
705 716
1130 1217
1142 1155
1843 1922
1235 1326
1056 1144
1822 1917
1741 1833
1105 1156
224 239
641 658
1728 1749
1848 1850
710 726
1725 1738
1053 1120
440 539
1412 1456
504 511
736 820
445 528
1436 1534
1351 1435
1058 1103
552 631
1309 1312
1303 1348
1512 1608
817 854
1255 1318
1858 1918
1349 1406
156 205
1445 1528
848 917
1032 1049
1537 1546
334 427
1309 1318
1009 1036
1346 1407
1726 1808
148 247
632 637
1045 1138
1032 1102
1007 1028
906 950
1914 2005
1248 1340
948 1047
1621 1656
412 443
1038 1042
1227 1257
314 344
306 309
1954 1959
902 955
845 927
137 216
1624 1635
1823 1825
1732 1809
1258 1325
1332 1353
924 1009
1504 1541
1640 1713
541 635
1321 1335
1104 1106
419 458
1507 1532
1308 1322
1901 1931
1753 1815
114 115
1640 1720
246 315
450 505
1916 1952
156 249
1026 1042
754 850
1436 1509
1846 1928
436 509
431 514
318 320
1819 1832
1817 1913
537 554
121 127
1301 1344
1847 1854
617 645
649 746
908 1006
1242 1333
1914 1946
511 523
1950 1952
857 940
414 503
853 937
1235 1300
637 717
1017 1102
722 803
905 933
1553 1623
1958 2035
1720 1740
1441 1529
153 234
512 546
1947 2029
1035 1119
1616 1639
1543 1605
414 457
803 858
1324 1355
1550 1606
830 843
240 247
1503 1545
249 302
729 755
1018 1031
1817 1846
219 222
725 755
1124 1208
1336 1404
1543 1551
319 415
1434 1511
1651 1742
105 152
1105 1145
1637 1726
108 157
623 655
349 400
352 418
1804 1844
1555 1649
457 516
1603 1614
220 312
316 317
1910 1939
1606 1629
359 436
915 942
649 705
448 535
104 126
227 246
237 245
1252 1308
614 631
1303 1305
1152 1153
429 458
1637 1711
543 627
1920 1934
1941 2008
1700 1725
200 212
241 259
1740 1824
352 417
1331 1351
903 958
1303 1331
1055 1148
113 207
305 346
351 441
712 807
1114 1140
923 1013
536 540
1851 1946
558 657
1916 1941
1902 1903
721 815
1531 1601
1441 1539
1734 1744
233 304
408 458
1814 1841
1904 1939
326 349
1851 1930
113 210
1357 1429
647 652
1622 1632
1817 1835
457 524
1550 1623
855 906
1554 1652
359 430
101 125
1749 1838
159 209
1134 1200
712 741
1158 1247
1037 1128
315 338
135 230
705 734
253 338
908 941
1822 1917
1606 1658
1917 1925
828 900
257 345
1417 1447
1103 1152
1513 1547
1202 1207
126 213
852 939
340 434
1010 1059
1256 1354
839 905
1423 1518
700 723
1702 1726
619 639
219 225
731 751
1905 1919
1712 1747
343 417
1715 1733
738 816
1442 1521
326 420
756 800
131 138
519 551
1029 1127
1316 1319
1320 1345
845 910
1444 1517
1808 1822
143 145
1601 1642
1227 1302
1527 1529
715 726
1359 1451
253 306
148 150
523 552
611 645
1311 1343
1807 1900
555 557
111 146
1752 1759
221 250
232 316
1054 1142
1830 1847
948 1027
423 500
319 359
1235 1302
1634 1656
1707 1725
834 901
905 940
443 538
1709 1750
231 249
1106 1133
229 234
115 120
1429 1507
638 727
1223 1318
1456 1544
1202 1226
642 702
113 132
1814 1858
952 1032
1112 1121
911 1009
1414 1423
1115 1157
227 238
1342 1436
1300 1342
1713 1756
812 900
1632 1633
1211 1233
624 629
503 513
618 650
317 330
620 637
530 620
943 958
157 233
1156 1238
134 216
1300 1310
141 153
105 203
1533 1616
746 830
156 220
221 316
1847 1907
500 531
1043 1125
1118 1119
1243 1251
1358 1432
1643 1659
457 534
717 812
1844 1914
1502 1549
1236 1247
1211 1239
612 655
124 215
658 726
306 319
1700 1750
910 1001
1554 1628
503 513
326 415
1131 1203
655 727
1213 1234
1338 1416
1222 1252
1335 1420
1328 1419
1641 1737
1414 1425
156 201
230 302
1701 1727
1406 1454
818 847
1040 1057
747 823
1351 1442
751 807
1822 1835
904 927
328 418
1418 1506
919 1000
949 1024
1022 1040
1537 1604
1633 1710
1817 1837
218 220
532 608
511 525
953 959
601 620
1159 1216
1357 1421
300 322
1034 1129
1222 1230
401 500
1811 1847
840 902
200 210
311 410
1136 1208
552 613
419 437
827 846
1558 1640
1748 1841
544 601
1552 1638
811 849
1947 2039
1312 1334
1728 1800
1257 1309
1305 1404
705 800
207 300
738 742
1033 1112
455 546
1202 1255
813 856
750 830
928 935
1626 1708
1700 1708
505 543
1547 1617
1721 1751
426 433
1033 1036
226 302
457 534
1740 1758
754 800
123 146
228 318
1638 1726
926 940
844 940
1039 1125
958 1035
1141 1221
1302 1343
221 313
404 451
1453 1550
335 428
227 234
213 311
1834 1902
1609 1627
1013 1048
1356 1444
647 655
1224 1315
1517 1613
754 824
708 751
1145 1239
1310 1313
816 845
812 821
1445 1527
1543 1624
1801 1840
628 638
1856 1926
1451 1502
313 353
1433 1445
556 616
1559 1606
1233 1321
931 937
721 745
659 727
1736 1748
213 236
1144 1243
1613 1650
759 819
1940 2018
614 648
740 756
401 412
304 352
748 827
1732 1756
1655 1739
1131 1145
1637 1718
1438 1447
827 849
1427 1520
932 1018
1648 1651
905 930
1911 1915
1852 1929
247 304
1557 1643
735 805
1048 1056
1059 1154
755 822
744 753
438 533
1745 1753
249 345
1116 1202
1837 1915
437 529
1225 1302
203 209
624 642
204 214
426 504
1259 1335
931 1008
1742 1824
1006 1051
850 909
1124 1139
1341 1346
1432 1506
1227 1324
845 928
845 900
1537 1625
1921 1959
922 1011
1115 1129
1656 1731
1455 1512
1149 1214
1837 1900
239 335
331 428
947 1002
617 647
901 957
1313 1314
1033 1053
550 554
730 812
1504 1522
536 613
526 528
618 646
444 512
843 908
655 706
1741 1821
1118 1159
1331 1346
731 818
1103 1145
711 801
1727 1737
1440 1454
1612 1650
527 553
1940 1950
757 833
1706 1756
1849 1923
254 257
1156 1236
303 400
1139 1225
1533 1609
1706 1728
648 713
1505 1528
411 424
1249 1319
1514 1529
1656 1707
709 740
1636 1642
426 523
1341 1425
110 142
1032 1119
435 528
1747 1831
1923 1933
229 319
1455 1521
1402 1419
1412 1509
623 657
408 457
104 144
1505 1543
1810 1859
1205 1237
136 215
1313 1319
320 401
1221 1224
1241 1312
1937 2013
231 325
1836 1917
1239 1323
1017 1018
1006 1100
914 920
1928 1947
1442 1509
1042 1105
929 1018
655 706
1020 1052
1515 1611
607 625
217 311
958 1053
809 812
713 717
915 938
1435 1444
1749 1752
1624 1718
1500 1506
347 427
546 609
1245 1319
251 322
850 920
446 529
1254 1351
1526 1614
1327 1358
1818 1855
1907 1952
1256 1338
239 259
523 544
1554 1611
1701 1743
150 153
741 811
222 304
433 518
322 358
845 848
1759 1813
1352 1426
330 419
1859 1922
1528 1538
412 444
1032 1129
402 448
443 506
151 202
1836 1913
701 706
557 647
1446 1525
1437 1506
1128 1136
1119 1203
403 438
1316 1412
1211 1222
250 257
1344 1423
1944 2023
325 342
226 323
1653 1727
1941 2002
536 542
1012 1051
943 1027
1838 1911
1626 1721
216 254
1138 1231
1815 1847
1109 1153
1458 1549
912 957
615 708
701 745
345 422
428 501
332 337
450 502
511 541
1634 1725
236 328
138 206
913 934
617 621
1151 1220
1526 1600
1703 1719
923 926
407 431
645 648
355 359
1711 1714
710 731
1812 1907
326 341
303 305
430 507
756 832
351 444
1911 1913
1732 1803
923 1017
1459 1556
1338 1436
1746 1828
143 213
1729 1813
1501 1503
748 839
1145 1149
1551 1634
309 321
523 600
1956 2025
1111 1145
1840 1842
1029 1038
1110 1205
1025 1121
1919 1953
1204 1303
1645 1713
648 733
205 301
1251 1317
1143 1232
1431 1444
1555 1635
1150 1245
352 421
1142 1220
1836 1910
619 652
1432 1531
1019 1043
1148 1200
245 331
1849 1903
811 824
210 225
929 948
1636 1731
329 337
1839 1908
506 554
512 547
1156 1235
552 613
1711 1754
152 237
959 1002
1646 1723
905 945
1917 1944
106 111
510 549
1756 1848
128 131
1001 1020
337 343
138 215
639 720
722 815
1742 1818
1531 1602
1856 1950
1906 1928
506 531
802 828
1219 1222
927 1007
1644 1646
607 627
1542 1617
511 553
1351 1440
1401 1429
616 659
746 822
457 503
1816 1900
432 515
728 803
217 233
1638 1645
1031 1114
1005 1013
122 144
1220 1311
1456 1506
315 359
1014 1015
1610 1646
1641 1719
405 411
1049 1116
116 203
420 425
1844 1910
1006 1041
1814 1900
1712 1735
1446 1452
1916 1940
1022 1111
1922 2000
1052 1135
1647 1737
943 1008
642 722
1050 1105
1053 1121
1845 1910
1750 1827
1851 1852
935 1003
1527 1601
208 251
106 145
155 235
1121 1213
1059 1106
638 642
459 557
906 930
1601 1607
1504 1601
1003 1051
900 910
802 819
1134 1219
140 239
1910 1945
1258 1355
1105 1202
1737 1823
1056 1059
1923 1947
414 502
1948 2029
255 304
1117 1215
1036 1057
1841 1913
457 517
312 356
1114 1147
1025 1052
1334 1404
1732 1801
1302 1312
250 306
1930 1942
824 850
1328 1338
1505 1525
1154 1247
115 147
1434 1447
543 635
225 321
256 340
1841 1908
1847 1935
1129 1207
1238 1305
813 849
1521 1525
1226 1256
1029 1121
1850 1929
1701 1707
1849 1923
1651 1745
1258 1347
839 901
1722 1752
1454 1520
1841 1901
502 559
644 715
234 319
1901 1912
934 1028
1625 1650
1305 1329
121 124
1036 1116
1516 1531
918 944
902 931
1029 1126
417 513
1812 1817
1448 1525
1208 1225
1855 1925
1114 1133
722 819
608 633
743 751
1447 1517
1613 1635
359 452
1943 2031
1527 1615
559 605
1054 1119
703 713
1906 1931
1912 1946
1807 1810
141 228
1249 1338
910 951
734 745
503 510
1943 1949
330 423
829 841
1144 1201
1851 1950
1644 1734
243 314
1435 1531
122 215
1955 2036
1947 2025
752 812
1315 1331
718 807
1632 1725
1756 1810
822 849
1542 1639
1131 1220
740 822
1201 1245
1551 1611
1504 1543
325 344
414 507
1356 1428
1941 2012
114 121
227 229
930 951
329 419
307 404
1544 1630
1435 1443
1307 1329
530 601
1331 1401
1436 1505
1840 1854
1154 1239
813 904
1032 1114
323 341
1635 1649
1402 1446
1041 1102
124 141
1515 1519
721 747
1908 1945
749 754
120 216
145 151
540 626
1157 1215
1804 1834
1808 1901
349 424
714 719
205 242
214 245
1647 1723
1227 1247
322 416
944 1038
709 745
254 341
1338 1418
1018 1021
1848 1904
1136 1138
603 635
1320 1325
700 713
501 600
842 849
744 831
437 503
524 549
1445 1446
1622 1716
726 755
508 517
1739 1817
1506 1545
119 153
1756 1842
419 458
1058 1116
735 743
616 701
1658 1753
840 935
857 943
735 815
1505 1552
120 147
1758 1818
1820 1845
1540 1634
849 947
1909 2001
1013 1051
555 641
931 1001
1155 1212
1540 1548
433 527
929 1001
517 545
404 435
437 530
1738 1813
1645 1726
605 627
926 938
508 511
832 848
748 830
1117 1157
1350 1446
1859 1934
1857 1905
143 154
354 413
114 117
1314 1316
707 802
1419 1436
652 736
1202 1213
211 218
1145 1153
1824 1830
1103 1128
345 356
1945 2031
215 247
1309 1332
1501 1542
1550 1623
1846 1929
759 847
750 805
529 547
935 1026
544 547
1242 1334
1930 1951
1147 1152
839 923
318 332
508 520
706 734
316 352
1757 1821
1307 1309
1503 1546
1820 1908
1017 1114
1219 1224
1921 1958
1731 1818
225 246
1101 1129
1526 1527
1536 1623
704 753
1010 1013
1346 1424
1854 1925
1824 1916
1618 1631
1959 2024
413 454
619 630
1702 1713
128 227
535 556
1927 1940
1149 1242
308 316
130 200
1502 1546
1807 1826
1058 1118
1615 1646
902 931
1042 1136
355 447
1502 1517
613 645
247 340
1430 1501
519 520
1051 1102
1642 1647
1918 1956
1004 1028
1544 1604
1852 1947
1304 1339
1149 1243
424 442
1443 1444
419 451
425 441
942 1030
1158 1237
127 155
1353 1405
1701 1738
1209 1214
432 530
1831 1920
1716 1730
243 244
914 929
1602 1701
356 447
1857 1947
1932 1951
1232 1302
1627 1647
911 945
523 611
1604 1637
924 934
1744 1832
927 937
106 136
1023 1044
1248 1304
414 447
1116 1133
1521 1540
1009 1103
128 149
1951 2043
255 328
242 317
1859 1915
1635 1729
601 651
912 948
718 741
548 611
1108 1148
411 439
312 410
1716 1800
1232 1330
118 216
1659 1705
641 645
556 616
257 306
254 345
110 118
935 1028
1808 1848
1741 1834
127 131
925 1015
747 844
657 720
1702 1715
1921 1944
1606 1655
306 311
1158 1214
655 730
1949 1957
911 949
437 448
1714 1813
1024 1115
1333 1336
821 859
321 355
1020 1112
804 825
431 457
919 939
1137 1157
1017 1029
719 815
207 214
502 519
1500 1524
449 509
1816 1842
1146 1209
1256 1310
1824 1852
309 349
1227 1322
1152 1221
1323 1414
429 509
1929 1949
420 514
1751 1837
149 214
339 429
716 753
447 502
142 211
157 232
334 420
1648 1729
807 838
1140 1210
158 200
802 853
1656 1740
1458 1539
212 244
1336 1420
1126 1203
642 730
344 435
1858 1920
1355 1438
556 606
1917 1925
1004 1102
744 815
307 345
1340 1342
954 1016
1325 1410
1845 1913
1325 1403
1322 1339
1629 1722
1817 1851
1726 1737
1923 1940
602 653
1543 1614
348 409
1620 1702
316 322
706 734
522 619
317 412
844 940
117 124
1008 1047
1352 1446
136 211
234 304
1716 1739
607 654
1408 1425
423 444
1114 1208
728 805
703 734
611 625
619 717
913 932
1407 1444
405 438
1853 1949
636 637
1659 1757
1415 1440
1659 1720
527 610
549 626
1556 1619
1625 1640
1726 1805
1244 1253
1354 1411
1542 1548
1959 2009
821 830
157 200
855 913
1436 1519
336 413
802 847
1251 1318
1044 1126
911 950
236 323
549 603
1558 1636
715 733
429 506
1952 2030
1148 1158
1525 1601
1112 1210
811 830
1707 1721
1025 1122
1816 1817
531 605
848 928
1124 1219
1503 1510
1718 1814
239 314
846 933
632 714
937 939
127 143
649 701
1615 1650
521 526
133 206
623 717
554 632
433 456
913 957
407 456
1903 1934
310 353
1251 1256
651 712
410 509
119 208
1615 1623
409 447
546 620
1344 1422
1108 1203
1300 1347
646 654
1737 1833
1922 1955
707 757
1753 1832
801 819
449 500
1344 1425
605 614
821 855
1657 1728
242 248
753 755
802 826
1117 1140
256 326
1319 1349
1954 2023
1701 1725
1859 1913
1955 1959
1331 1425
1637 1651
828 857
912 922
1946 2031
1512 1530
752 850
1338 1415
1650 1705
1140 1217
159 232
1503 1522
532 545
439 512
659 752
716 718
1612 1706
330 400
219 303
822 851
1651 1720
1917 1940
223 228
1521 1609
1651 1749
552 601
1852 1928
1527 1612
1952 2006
441 501
1926 2023
1057 1154
1827 1911
1602 1625
510 521
1736 1738
342 420
229 239
1741 1805
1903 1910
1144 1216
906 908
134 223
254 255
1924 1932
401 414
208 253
1904 1909
727 812
1606 1607
407 431
923 1006
1827 1853
739 831
744 838
1832 1851
1829 1850
1657 1735
1904 1914
1614 1631
1002 1005
255 325
959 1050
1838 1902
1250 1300
447 527
1618 1644
1832 1919
1156 1215
1846 1934
838 924
1352 1439
1249 1316
255 316
625 633
706 712
1410 1426
323 324
644 701
827 914
438 529
1117 1129
1317 1410
1126 1142
1936 2018
1937 2010
416 427
314 352
1212 1301
443 508
1903 1940
949 955
1534 1543
514 517
206 243
1637 1638
140 200
224 313
1327 1342
1455 1528
1848 1857
118 146
1554 1624
701 705
426 431
1336 1356
925 928
1227 1308
330 409
1410 1451
1715 1756
1712 1757
634 635
1944 2006
1919 2002
1957 2016
1704 1713
111 126
1932 2028
857 859
1341 1436
1104 1154
142 237
1458 1511
804 827
1540 1634
748 826
1106 1120
1921 1943
115 121
214 252
540 541
921 936
1909 1937
1640 1722
1628 1648
1415 1514
1229 1307
1003 1051
702 734
1220 1308
1019 1043
1119 1137
122 140
800 824
604 652
1734 1821
417 512
1220 1228
1133 1154
716 813
1822 1856
325 418
421 519
255 303
619 621
1641 1646
215 245
1248 1258
1424 1434
1858 1913
547 630
1805 1851
1120 1132
1923 1929
718 805
638 655
355 402
1216 1253
923 924
215 254
826 918
1813 1847
241 259
802 820
734 758
1535 1600
333 410
918 1007
406 419
1231 1257
1106 1108
356 420
713 714
554 611
1715 1812
704 714
150 240
1106 1122
1203 1233
1838 1914
509 518
1850 1855
1545 1605
1720 1758
443 531
559 634
802 900
1326 1327
1952 2000
636 644
214 230
1041 1044
550 555
1328 1347
748 842
422 454
1055 1153
1524 1616
1813 1847
216 309
1028 1110
537 552
1156 1231
1622 1708
1308 1344
856 951
331 346
519 526
1610 1630
950 1046
1430 1453
1932 1957
416 430
1858 1949
424 519
1218 1232
1523 1540
1559 1624
1144 1235
1807 1844
312 321
707 739
1018 1057
1740 1829
557 608
610 631
834 852
1245 1251
1622 1629
1004 1027
1950 2031
232 318
1503 1515
1024 1120
1745 1811
1831 1906
1120 1134
224 229
1248 1340
1458 1549
634 716
1357 1436
235 237
1350 1429
618 659
1744 1806
1310 1351
914 945
1332 1355
1044 1045
1502 1506
1906 1940
1038 1123
1452 1502
1934 2005
904 947
643 704
808 830
1636 1646
615 657
137 144
447 511
1900 1917
1744 1828
823 848
1933 2009
1328 1351
532 622
801 853
1424 1512
1707 1716
1719 1803
215 216
1108 1111
1102 1113
1630 1639
1608 1701
211 219
1002 1037
425 517
408 444
843 916
1030 1116
1626 1637
1241 1307
943 952
1003 1045
131 142
814 817
554 651
447 450
1747 1816
1825 1911
356 401
646 719
1344 1410
1811 1844
1106 1118
1444 1509
1049 1050
1406 1440
149 222
318 324
1112 1210
152 153
848 913
1414 1424
1327 1424
1326 1401
858 919
1928 1935
1342 1402
411 503
1057 1059
1912 1915
956 1012
910 928
521 612
1958 2029
953 1033
1932 2025
313 351
101 159
1418 1421
847 928
924 1012
459 517
239 309
1447 1535
249 324
214 254
1511 1541
1023 1101
1736 1806
357 416
755 843
155 209
1300 1319
1341 1344
316 409
1726 1814
628 707
1032 1126
620 639
1627 1711
1503 1539
1539 1626
449 515
1738 1816
1207 1249
1647 1652
1949 2007
1703 1759
1522 1601
759 805
104 154
604 626
336 339
231 312
531 537
458 521
431 524
633 727
224 303
1738 1757
132 206
918 1008
851 940
203 238
1605 1658
1736 1741
220 253
242 302
1500 1550
145 150
1004 1034
1551 1632
205 245
948 1034
1328 1344
1246 1329
1735 1810
314 358
726 755
624 716
903 1002
733 747
1433 1504
312 332
914 956
549 605
1633 1731
1946 2029
1057 1137
900 902
453 534
618 707
1043 1106
1231 1316
833 834
1940 2001
948 1030
1452 1533
1214 1230
938 1011
1646 1719
738 800
400 453
742 756
452 538
615 651
1313 1322
1450 1542
441 448
105 135
1309 1327
534 545
343 412
1054 1106
1316 1317
417 506
1045 1126
1906 1910
613 634
1535 1554
1022 1103
326 408
115 143
1423 1447
1231 1242
1254 1342
306 353
1214 1246
547 645
1631 1730
1033 1109
1558 1629
1836 1841
256 259
1736 1737
1830 1909
713 737
718 756
706 801
808 845
1510 1513
101 140
1730 1758
1849 1855
1424 1427
913 942
401 403
200 204
1559 1642
311 345
919 950
926 1002
1030 1105
1844 1941
517 536
1157 1237
654 658
1327 1341
1206 1244
1434 1436
421 453
712 735
443 522
544 627
1900 1933
210 223
1628 1702
1935 1946
304 310
811 858
1303 1349
1441 1529
1900 1954
757 821
818 847
1321 1337
204 205
1446 1519
429 435
1322 1327
1517 1554
1524 1617
153 206
1428 1452
1002 1018
1812 1853
941 1026
1746 1844
102 140
1531 1546
1507 1558
1544 1555
509 523
951 1025
1752 1756
1543 1548
222 225
138 237
1358 1404
258 334
1331 1412
1357 1427
1303 1356
1845 1851
1311 1404
1710 1752
1853 1947
1222 1302
1908 1949
1617 1647
902 903
1801 1838
1100 1136
925 951
1031 1034
443 449
1133 1156
1406 1415
1400 1411
534 630
351 433
321 413
331 410
1023 1115
132 227
732 745
632 637
1544 1555
1958 2027
1715 1736
424 507
223 241
414 423
725 755
504 556
425 455
1029 1042
1416 1438
1714 1718
1124 1140
1811 1855
1514 1516
1123 1148
1700 1728
1507 1604
942 1014
1157 1223
220 309
318 341
118 119
521 614
1101 1102
714 715
435 532
856 936
216 226
1256 1344
735 751
1520 1552
1124 1134
642 725
542 555
755 829
934 1020
1923 1952
527 547
228 253
727 755
1946 2028
103 136
1354 1439
1926 2016
1433 1435
654 739
1036 1133
812 818
617 652
1041 1134
748 812
1118 1132
908 942
1849 1908
758 854
1503 1531
511 531
1212 1222
518 608
1247 1329
1740 1754
1637 1706
452 518
911 1007
1328 1424
1905 1923
700 733
412 433
253 301
229 239
502 536
528 615
1931 2020
402 406
503 602
1924 2004
1115 1132
643 708
527 614
200 256
239 253
1455 1507
1821 1910
1932 2030
1653 1713
649 650
1418 1515
1800 1851
442 525
1422 1452
544 628
1820 1916
1424 1447
1858 1953
1542 1631
1330 1336
855 901
245 342
1426 1523
414 504
1111 1123
107 122
1706 1748
1503 1601
802 807
618 635
1857 1939
529 625
526 611
857 924
1217 1300
306 350
1745 1842
413 503
1401 1442
1915 1935
1315 1355
626 631
621 701
754 853
1748 1824
253 329
542 614
1442 1517
1841 1909
1454 1548
1259 1340
755 803
944 1009
1048 1130
1419 1502
441 444
1717 1757
1340 1432
1830 1844
454 506
1030 1042
1739 1755
954 1021
206 211
353 452
1518 1533
1300 1346
1428 1451
1005 1033
1321 1337
1103 1118
743 828
1503 1532
1851 1917
1742 1816
1427 1507
1408 1440
326 403
1219 1308
1930 1936
824 913
748 820
553 647
1101 1146
317 329
714 755
917 944
1725 1753
314 322
229 314
437 515
809 844
1554 1618
148 205
1051 1148
1910 1919
358 448
732 757
1608 1652
1141 1151
1739 1758
830 900
1946 2003
701 749
1004 1059
256 306
427 430
1128 1219
1625 1724
420 503
919 956
1324 1415
1721 1801
901 916
621 655
1947 2015
630 649
1750 1835
205 303
816 820
114 125
1244 1315
1603 1604
1948 2030
104 137
1529 1534
638 703
141 222
850 911
521 558
1716 1744
605 656
910 916
1655 1721
430 448
1709 1806
1109 1154
511 555
1741 1834
1524 1617
1559 1654
709 752
740 837
221 253
1316 1344
626 643
735 748
1004 1054
318 409
245 311
1903 1952
1826 1906
532 626
1308 1332
1528 1622
851 912
719 738
948 1005
1835 1911
613 655
545 642
1809 1816
1103 1113
1558 1634
304 322
1555 1609
1321 1349
804 845
1342 1404
859 916
1638 1708
829 838
1943 2035
1340 1353
1619 1632
655 730
1825 1921
217 249
109 152
1835 1849
1142 1155
1213 1224
535 604
1049 1059
823 829
411 421
430 441
442 518
541 627
1025 1100
507 557
1057 1118
916 1015
846 945
1721 1725
1930 2024
1735 1823
159 258
746 748
1711 1726
1828 1906
802 851
1954 2043
1404 1502
1658 1715
1428 1509
1633 1724
122 218
532 629
1058 1143
1213 1226
741 801
1757 1845
842 903
820 851
844 943
615 622
1639 1644
730 748
1837 1911
1057 1137
1325 1410
623 648
904 938
1048 1129
1726 1801
615 617
1942 2039
140 202
1647 1730
210 211
341 347
117 153
919 925
1755 1812
1907 1943
1646 1649
415 455
305 321
949 950
1913 1949
1139 1233
1915 1945
1633 1709
739 801
1331 1418
644 650
1159 1232
424 431
1033 1120
1251 1309
656 724
1006 1058
1939 2033
1022 1048
148 157
1228 1258
1049 1141
1142 1148
1614 1712
1627 1721
354 443
1350 1432
558 647
1949 1953
1518 1537
512 520
1010 1054
1918 1922
313 329
1501 1534
353 432
422 456
1456 1506
1648 1655
217 228
848 940
420 426
1549 1618
744 814
449 528
1611 1708
418 502
756 845
402 430
901 921
204 240
1009 1020
536 614
822 919
1200 1227
333 419
242 253
226 232
403 452
202 217
1905 1937
1238 1256
1126 1128
1352 1359
1737 1757
1708 1741
1348 1422
1951 2001
1914 1921
1633 1634
544 602
1854 1953
243 324
142 157
615 659
131 138
1542 1635
1536 1608
136 216
1721 1748
1913 1926
1338 1342
938 1024
810 813
1726 1750
1551 1620
826 919
621 639
1150 1223
348 401
1640 1651
226 259
520 612
724 727
1422 1512
1954 2033
1815 1848
321 418
346 347
438 454
1850 1857
1907 1921
308 321
1626 1707
1924 1933
1856 1907
1125 1147
1619 1649
1408 1503
618 707
1521 1527
1749 1842
1530 1541
1713 1718
725 819
1513 1556
1706 1711
1232 1244
741 813
956 1007
1604 1658
1854 1901
1706 1715
751 820
1441 1458
1528 1626
714 804
814 822
220 309
853 913
303 335
254 345
619 622
1507 1513
1909 2008
1550 1609
148 233
1827 1841
1750 1801
1701 1708
1827 1836
1025 1118
1340 1439
1518 1525
1058 1115
1138 1214
1510 1546
855 932
1551 1625
1014 1036
451 454
1805 1839
841 859
1126 1215
1042 1120
1802 1901
850 854
244 336
1358 1454
1630 1725
906 939
235 250
1725 1731
129 224
1017 1051
1608 1628
441 451
1532 1603
730 819
646 745
318 338
307 328
108 202
1238 1308
1737 1753
339 351
154 158
1751 1756
337 359
1928 2020
549 614
347 430
634 645
944 950
1309 1347
1810 1845
811 818
636 706
152 205
701 755
408 441
1305 1325
247 327
1113 1206
1353 1425
1403 1408
1410 1413
1604 1643
1153 1159
141 201
1703 1755
1930 2019
1552 1642
917 920
1214 1241
406 440
1252 1308
1608 1655
1143 1212
1548 1554
555 622
419 422
1433 1435
741 826
157 231
1820 1913
1506 1510
315 348
1150 1200
743 842
1443 1523
1510 1553
1136 1214
1759 1858
1423 1435
757 809
1130 1148
715 730
724 823
813 838
220 232
1414 1417
424 434
1517 1529
445 500
710 809
934 1029
248 346
922 939
1123 1207
226 232
1848 1858
620 634
651 741
1545 1612
858 951
1938 2015
223 320
1525 1604
709 719
734 802
632 727
1124 1218
1303 1304
452 550
1916 1959
1038 1122
707 742
1953 2014
1636 1650
347 430
135 210
431 437
1103 1118
1523 1608
659 740
716 752
342 423
844 922
618 704
1912 1942
1438 1522
1924 1950
1341 1356
1028 1115
347 430
1136 1214
116 120
304 401
255 327
1624 1710
501 506
918 1015
120 121
329 359
622 635
1549 1605
1923 1940
938 1002
322 354
1114 1117
1657 1746
615 655
549 617
1625 1640
232 301
1224 1240
421 451
209 231
637 730
703 724
1411 1510
844 854
558 624
639 734
205 253
1014 1035
736 818
408 446
826 912
1555 1612
114 210
1215 1310
1653 1746
1608 1613
1702 1723
1114 1209
149 155
448 531
513 555
1052 1125
1513 1557
1214 1230
1221 1227
1100 1143
1140 1225
629 644
306 341
422 437
1109 1148
1022 1041
1826 1915
717 740
1618 1642
603 633
1716 1808
1443 1523
1246 1254
1104 1110
1803 1851
138 147
1551 1638
138 204
452 534
548 643
114 118
1856 1917
122 154
1756 1851
1302 1355
605 611
431 506
1833 1859
1437 1521
917 1011
1833 1853
1016 1029
1603 1634
905 939
1138 1200
1932 2009
1340 1426
1825 1855
126 211
1835 1853
1605 1658
1139 1211
1220 1232
446 500
1533 1607
730 801
1050 1110
514 519
1532 1557
332 343
1149 1208
654 719
1717 1810
1515 1547
934 954
1111 1139
623 640
200 249
847 854
441 505
1749 1808
619 656
441 523
325 401
829 901
1415 1417
446 528
1239 1240
530 551
1846 1903
938 1003
735 736
832 920
1245 1255
213 309
833 911
1214 1245
1534 1536
110 120
1509 1537
832 900
758 838
1727 1826
213 301
417 433
453 501
1433 1529
1548 1614
1548 1554
717 804
145 205
456 520
527 616
1647 1659
1413 1420
1317 1404
914 927
1048 1139
530 546
522 601
845 936
934 955
835 837
207 243
940 1010
917 929
1859 1956
1117 1205
135 140
904 956
1545 1628
525 613
713 728
724 739
359 421
1930 1941
853 940
1046 1051
219 240
844 943
810 822
917 1005
1014 1109
1036 1134
1214 1250
1329 1344
1646 1728
1951 2014
952 1038
1443 1518
654 729
1227 1252
1902 1918
1909 1925
259 320
804 839
1247 1325
1619 1704
1239 1243
935 1016
220 306
1946 1953
1643 1645
206 239
337 349
1511 1610
646 743
104 113
1744 1749
1401 1403
350 433
1745 1842
619 623
1423 1521
1644 1719
729 823
246 324
503 556
336 410
150 225
1742 1823
1130 1206
1132 1138
1709 1808
731 744
544 618
901 942
1351 1415
1318 1345
1655 1754
1904 1913
451 517
1831 1925
812 846
1048 1144
1514 1532
1256 1342
844 904
1402 1443
137 138
1248 1316
1846 1942
1643 1701
1154 1156
1635 1725
756 845
1214 1312
1314 1407
834 920
1945 2010
613 652
1446 1507
1727 1810
1029 1049
1615 1627
