100
750
37 95
58 82
50 98
82 88
50 84
32 45
58 79
40 68
68 69
17 95
89 100
61 64
87 99
50 89
69 40
11 18
57 100
3 58
47 63
79 83
32 38
61 88
97 98
34 55
42 65
66 81
30 41
48 79
82 95
99 100
75 76
41 64
62 88
68 94
1 24
66 73
77 78
80 92
88 89
10 59
50 61
69 92
47 83
69 94
63 92
73 75
36 65
49 80
13 77
40 84
74 89
10 52
28 97
84 86
48 65
27 73
28 76
98 99
44 50
58 89
52 67
56 85
38 50
66 67
66 82
23 78
35 98
48 53
84 93
79 97
19 83
58 86
92 100
17 39
58 97
60 83
18 84
8 14
15 16
58 92
12 49
54 75
95 97
86 98
3 47
59 94
22 37
49 51
69 87
93 100
12 73
79 82
77 85
74 97
26 27
59 88
87 89
51 85
23 84
86 95
36 93
17 27
21 41
88 93
79 98
66 74
70 94
24 85
91 94
27 71
14 47
16 95
27 86
98 100
66 75
64 79
40 50
96 97
60 68
15 61
50 80
53 81
16 83
71 90
56 87
91 95
69 86
19 45
71 93
73 93
16 81
26 56
25 80
48 74
49 97
79 88
64 67
28 91
29 86
14 52
26 36
19 62
52 90
41 70
92 97
73 74
19 53
9 55
9 78
8 82
22 55
36 38
56 83
72 77
3 82
97 100
44 70
85 93
10 86
60 90
20 69
82 100
79 96
46 94
5 15
79 90
77 96
69 79
28 65
49 54
17 83
19 90
12 35
38 86
27 38
34 76
49 79
33 77
17 80
97 99
25 96
92 95
43 89
59 61
60 72
24 39
59 75
45 63
32 69
93 96
4 44
14 82
86 100
47 59
35 74
20 52
62 63
82 99
54 65
72 97
12 16
44 96
39 78
75 82
65 94
38 79
40 89
64 95
27 28
87 98
46 85
55 83
29 63
61 62
12 41
27 50
74 88
88 92
62 78
17 33
73 99
88 99
65 83
64 77
54 96
57 73
75 98
32 35
15 45
37 85
75 100
70 85
70 81
67 82
70 88
87 96
51 65
45 49
66 87
87 88
30 63
28 59
51 83
49 94
50 77
3 13
31 95
69 78
15 85
60 87
3 85
20 97
60 98
5 88
71 97
78 97
27 65
90 100
50 74
25 73
12 17
21 83
48 90
11 93
17 65
5 9
1 43
29 53
12 91
5 59
19 76
35 39
92 94
53 100
19 71
57 94
14 79
54 69
15 68
74 94
7 58
24 62
77 98
2 91
12 52
47 61
7 55
9 29
43 46
79 95
27 81
35 90
30 44
23 69
65 98
47 76
26 54
62 74
31 50
93 94
33 76
48 84
72 76
42 80
43 93
82 90
23 58
19 50
10 28
19 63
65 100
81 100
7 87
64 80
44 89
52 95
48 76
40 99
70 87
45 58
55 65
89 97
13 67
44 91
9 66
71 85
84 95
76 79
50 91
67 85
93 98
23 53
7 50
68 83
21 34
8 81
68 92
24 30
63 78
69 96
45 52
45 82
88 97
55 84
10 35
17 75
42 84
59 79
7 35
14 88
44 75
77 87
2 20
27 43
37 80
36 90
60 86
3 26
6 53
17 99
21 35
25 58
50 70
76 87
25 36
77 95
56 97
75 85
82 96
71 96
50 79
71 75
49 55
65 93
1 94
22 93
91 93
52 87
8 69
43 90
22 40
34 40
83 100
75 99
55 78
7 82
28 29
47 79
19 26
63 83
24 26
81 91
41 98
11 86
68 97
53 98
6 25
6 76
91 99
7 30
47 77
44 63
75 95
75 79
90 92
42 44
62 71
21 63
45 95
92 99
43 86
36 91
22 42
88 96
18 41
91 92
87 90
43 54
13 36
20 23
72 73
82 94
18 87
38 64
30 37
53 94
45 65
81 96
9 44
29 66
62 81
60 62
6 7
63 76
35 52
81 92
94 99
34 91
6 26
31 33
10 30
93 97
77 93
96 99
72 90
53 97
7 28
15 95
78 100
64 65
19 97
50 88
92 93
41 59
89 90
49 57
78 81
46 80
52 89
44 73
83 97
55 80
69 90
67 75
94 96
13 86
30 85
43 66
68 72
84 94
64 68
48 57
57 87
55 56
54 74
23 43
26 40
4 60
47 99
58 71
31 98
94 98
60 95
47 88
84 89
29 34
2 87
84 97
71 76
53 96
56 76
55 92
6 72
25 40
84 100
35 53
74 85
43 84
45 67
52 100
33 35
88 95
25 62
47 81
51 66
26 89
79 89
14 78
81 94
26 32
57 85
96 98
6 95
6 89
16 86
23 95
48 49
43 92
65 79
21 26
70 76
28 64
42 68
78 80
69 98
68 89
10 96
5 27
94 97
83 89
85 88
71 79
90 95
13 15
6 48
51 95
79 93
66 72
43 45
23 55
22 75
18 69
19 96
81 88
47 64
46 73
57 99
22 99
27 51
15 35
31 72
54 88
48 55
72 96
3 32
90 94
74 87
85 94
44 65
68 84
36 68
19 37
6 63
18 21
86 93
79 94
35 66
63 100
31 42
14 81
65 90
6 74
52 73
7 70
2 41
92 96
82 83
95 98
8 94
93 95
48 99
42 70
60 93
45 71
8 52
22 33
43 55
69 99
7 79
42 91
28 81
17 72
26 99
25 63
19 95
53 82
82 84
6 12
52 81
31 69
55 72
35 63
5 83
60 76
49 83
55 61
36 66
23 24
20 63
1 49
46 89
4 38
33 59
32 74
63 99
17 86
48 95
56 100
44 47
95 96
35 93
31 45
69 83
26 63
27 47
46 71
85 87
22 41
52 57
85 92
51 68
64 100
73 85
33 47
15 57
6 42
40 95
4 73
30 57
43 62
40 100
67 78
24 98
5 73
30 75
11 73
92 98
25 34
31 58
78 89
64 76
9 73
11 34
29 61
16 80
48 70
50 64
16 93
53 92
84 98
63 70
31 43
14 21
50 90
35 40
60 63
49 65
37 93
20 27
16 41
78 92
82 86
50 56
86 90
29 44
23 88
48 69
74 95
89 92
34 56
28 82
48 62
28 98
84 90
44 83
58 76
39 82
21 71
65 75
32 40
3 14
74 78
27 33
62 65
96 100
18 26
30 49
21 27
35 54
8 32
54 57
49 93
37 50
43 77
38 42
85 89
87 93
42 49
49 64
76 91
27 75
57 58
35 97
59 96
27 72
74 83
30 86
24 92
57 66
83 92
11 16
41 62
40 55
27 39
76 99
43 76
86 91
2 21
35 91
27 36
60 89
79 84
59 92
46 65
10 72
20 45
58 87
42 98
54 67
22 100
52 70
18 78
17 73
2 31
24 64
56 80
71 72
20 96
81 99
48 87
