100
350
82 50
97 56
36 20
95 83
22 45
66 94
67 92
82 100
83 19
41 49
57 5
78 1
100 20
96 24
74 54
34 92
7 22
46 54
31 32
18 24
96 28
44 12
77 6
18 52
77 2
14 70
27 99
6 93
21 74
56 9
3 8
51 62
2 6
81 45
48 39
6 55
32 45
1 64
41 36
72 11
58 88
36 67
63 36
80 38
67 52
80 74
95 51
89 65
49 15
53 24
48 30
25 59
21 87
56 60
13 34
55 56
57 78
71 40
71 30
34 55
85 9
65 53
92 34
88 16
30 79
97 87
50 15
21 76
39 19
43 62
22 85
68 20
15 34
11 60
50 27
92 8
40 18
47 47
88 92
74 80
21 46
23 87
29 87
5 60
75 8
30 22
74 12
10 41
99 66
85 74
6 11
88 73
99 41
78 20
87 66
37 10
10 61
100 6
28 67
32 39
37 2
79 14
97 53
8 70
38 13
62 74
73 82
68 31
4 18
46 90
33 35
56 45
35 37
88 87
76 53
73 42
18 38
33 45
71 80
32 41
16 37
48 97
27 66
72 22
27 81
95 22
61 86
10 57
43 18
9 89
48 80
13 62
45 94
4 100
79 19
30 83
44 9
82 66
85 21
68 44
98 88
1 31
88 77
38 99
45 22
36 68
34 21
47 29
71 46
16 95
3 61
63 91
42 25
62 47
34 70
55 27
69 88
5 50
46 66
82 3
91 81
60 24
23 67
5 78
23 33
68 100
64 76
42 18
61 8
20 67
40 3
92 27
46 38
35 47
74 99
37 44
41 10
98 87
8 1
95 63
78 71
76 36
33 6
91 24
58 25
17 28
69 68
99 90
6 84
41 84
90 35
84 72
61 68
94 8
53 35
12 19
51 45
85 66
65 8
95 87
82 88
56 71
81 41
73 54
87 93
58 62
71 36
85 87
10 33
12 43
58 100
69 47
45 27
37 82
11 83
20 87
45 68
29 28
90 40
37 9
99 52
25 94
72 69
47 63
68 54
16 9
19 93
25 32
68 62
41 74
32 100
55 43
95 25
58 65
63 79
85 57
42 32
33 7
11 41
47 38
78 48
36 74
99 88
89 56
35 10
15 27
9 92
8 34
64 17
86 29
66 87
6 85
84 70
60 45
85 49
84 66
98 32
89 84
47 65
20 20
12 30
45 10
77 18
83 96
25 72
3 23
42 81
16 89
34 8
63 8
61 98
33 100
39 73
54 58
25 43
3 79
91 74
50 25
34 75
67 66
61 64
84 58
63 100
96 26
15 40
59 75
62 62
58 69
26 44
35 63
57 74
5 86
42 57
41 52
93 71
54 82
67 32
79 51
43 84
53 27
59 88
36 61
87 90
10 35
50 67
96 29
83 40
70 29
83 27
20 68
12 98
59 61
40 92
85 97
75 52
6 47
48 51
23 18
9 30
47 74
51 99
45 67
2 98
7 74
55 66
94 5
28 39
80 81
30 60
62 45
28 43
48 22
90 9
41 22
9 6
72 35
74 38
49 69
5 69
32 23
94 78
44 58
11 16
62 58
61 24
54 44
75 89
7 61
80 89
87 18
