1000
2000
548 297
900 581
930 867
783 946
553 489
370 932
663 982
638 640
404 997
777 395
264 691
496 859
440 747
43 609
837 21
134 832
996 621
910 625
683 122
588 265
108 85
542 951
328 545
750 941
282 747
360 515
191 55
92 765
569 763
23 322
476 437
428 740
492 814
402 670
959 489
727 126
14 565
258 621
377 792
597 264
411 334
173 579
414 953
54 645
105 709
357 923
277 759
408 802
217 220
73 292
276 622
746 540
219 662
958 112
650 378
38 518
331 624
311 515
653 390
461 767
347 135
989 300
81 756
230 672
290 403
585 49
952 289
240 139
636 258
534 628
449 756
617 798
212 209
618 549
385 578
462 364
375 3
768 759
303 590
99 229
735 279
524 451
256 517
590 414
225 869
142 739
597 34
638 514
91 14
965 314
667 305
606 954
270 123
85 802
980 176
572 862
940 39
212 798
864 427
561 234
201 196
195 557
132 528
824 856
597 910
415 654
368 737
294 865
219 488
302 614
625 785
623 736
282 658
243 764
576 352
294 1000
620 936
969 447
963 512
503 923
546 546
170 806
737 262
765 765
539 800
17 959
460 250
717 47
343 122
342 285
194 641
541 852
842 424
137 17
904 685
598 7
76 897
273 208
340 209
164 427
808 342
946 672
560 565
921 546
726 876
80 19
960 319
806 499
401 657
668 924
900 496
296 579
964 601
366 734
976 396
482 456
930 248
878 209
165 452
362 198
480 325
93 730
515 537
652 423
815 400
773 735
181 29
915 957
186 849
427 521
911 127
75 75
160 653
19 42
865 40
532 494
699 665
194 533
458 21
787 527
104 181
277 508
1 995
283 529
954 999
924 959
115 865
53 438
434 11
159 940
270 739
312 409
746 379
739 246
32 27
39 349
382 416
734 92
156 902
894 93
514 926
294 204
140 550
328 256
191 258
82 568
357 551
487 219
11 579
211 640
110 156
207 943
545 888
285 29
226 814
726 923
551 846
67 431
40 650
537 491
575 841
13 173
203 679
616 951
754 433
427 60
291 618
256 639
784 359
602 512
958 665
948 43
897 832
52 734
444 274
20 707
913 385
343 338
539 894
843 225
920 815
158 23
843 817
382 352
720 689
773 931
343 909
757 846
382 692
857 460
399 281
486 510
164 726
381 556
901 311
851 457
50 151
290 531
268 899
441 459
708 588
504 510
755 326
807 413
983 492
644 525
737 489
855 113
390 716
306 723
154 946
461 300
351 798
756 853
998 823
419 843
203 484
61 555
747 15
887 936
311 85
660 687
239 751
847 586
679 812
450 669
638 736
105 746
670 59
362 332
603 356
514 722
160 723
862 349
573 164
119 662
226 917
76 483
90 685
362 153
265 122
148 383
83 896
125 379
523 451
715 189
497 247
29 138
365 587
693 215
574 504
884 252
855 438
291 716
915 633
330 295
50 795
880 742
846 927
204 978
588 341
527 382
914 498
383 953
810 405
222 530
873 520
446 796
925 671
38 591
638 45
227 894
999 586
927 304
152 942
797 735
265 87
630 275
106 961
14 393
16 251
626 224
526 155
661 809
916 358
935 517
26 807
981 625
361 196
506 966
876 606
349 777
185 172
531 60
924 339
629 756
916 271
155 902
122 892
671 407
139 167
904 660
155 168
583 955
212 324
86 205
869 608
657 20
30 514
879 653
787 916
534 19
416 118
657 43
321 58
67 901
412 306
172 155
287 927
842 956
334 108
134 702
886 572
680 71
377 628
908 616
533 67
787 619
762 691
336 418
65 783
736 115
486 4
741 624
699 376
237 393
124 929
92 650
276 737
295 748
422 366
931 46
481 637
921 629
954 963
793 160
765 622
895 53
264 990
833 564
624 847
81 160
1 773
38 606
271 683
93 530
543 923
653 698
489 645
681 104
640 983
624 619
120 371
642 949
785 480
813 483
479 132
45 963
283 174
774 133
703 838
405 300
84 164
825 536
182 936
549 209
685 458
320 637
994 517
910 98
765 307
852 595
107 200
778 493
516 512
778 88
812 471
102 506
885 834
479 902
9 635
678 799
677 432
440 481
404 93
812 402
860 431
715 967
12 853
909 116
954 704
842 917
587 522
162 312
343 389
787 111
671 438
511 79
715 290
291 402
516 315
852 699
38 376
51 499
415 849
102 733
43 375
477 1000
698 978
464 272
997 513
149 28
187 741
111 722
625 592
747 902
195 194
269 536
619 974
935 229
1000 415
994 335
45 951
556 650
148 59
167 731
227 877
752 545
838 977
294 930
230 519
332 662
493 111
543 205
880 55
341 18
479 122
929 710
154 362
806 855
655 500
924 18
5 58
47 427
952 826
121 127
999 553
111 119
152 986
520 864
562 582
7 308
347 421
155 92
792 182
632 292
468 684
250 234
231 637
813 958
132 500
546 656
567 759
60 747
261 996
395 774
452 589
429 920
377 541
733 994
756 70
425 337
590 559
478 312
638 762
125 630
623 423
784 608
768 499
324 187
378 32
559 346
176 555
695 609
392 761
138 225
590 302
713 622
830 304
743 774
818 96
167 443
445 749
345 363
979 141
940 938
859 128
704 507
666 941
392 67
661 731
898 460
368 323
126 387
330 907
453 973
195 361
280 595
445 162
835 626
631 190
950 356
704 619
868 55
47 783
440 457
833 538
669 812
717 163
825 695
317 486
481 150
103 692
176 627
724 543
470 748
940 27
575 273
333 267
908 391
757 671
665 733
958 741
620 844
566 36
416 135
987 87
951 725
449 322
596 885
540 433
416 394
687 941
460 1000
608 992
61 682
577 531
142 852
768 496
76 193
805 525
486 972
838 516
606 748
584 822
751 606
637 627
310 702
392 204
686 263
187 923
689 526
752 518
393 504
603 165
36 957
678 62
33 761
610 972
712 184
883 931
533 777
404 223
211 903
959 171
693 534
390 312
301 518
427 149
488 119
366 601
598 725
566 106
396 574
401 581
756 608
366 192
12 960
681 117
160 884
689 184
298 608
195 436
293 53
820 158
323 573
402 441
260 137
291 544
469 503
401 3
710 906
965 139
554 627
920 217
810 747
53 452
949 803
436 741
86 158
27 311
453 968
818 899
325 306
359 883
459 882
91 677
179 777
761 720
535 630
233 453
389 92
446 160
218 788
323 589
41 293
708 771
785 475
641 845
824 310
140 727
243 739
243 399
852 77
200 410
388 867
955 593
778 149
212 268
283 817
213 295
506 17
995 785
420 893
678 795
755 10
693 544
881 652
88 922
965 928
736 287
42 909
544 476
342 270
325 829
712 768
984 649
505 470
260 543
28 104
474 634
240 851
55 993
138 512
490 928
255 697
921 226
523 188
639 368
652 4
569 247
848 807
338 481
606 377
122 3
753 413
531 135
407 150
337 828
95 427
216 729
403 543
849 437
773 660
549 631
963 223
84 387
743 474
212 244
303 903
605 24
251 276
786 169
890 946
247 103
122 886
88 195
992 989
745 286
490 811
308 29
638 224
416 567
123 976
925 646
385 690
774 217
193 822
598 886
969 628
919 131
918 370
640 538
617 368
941 119
199 207
283 179
567 760
485 876
374 529
166 418
767 176
214 838
103 34
79 93
162 19
602 601
169 118
13 112
319 103
605 487
688 786
929 302
711 155
307 182
856 267
393 196
318 497
689 421
242 541
842 105
172 44
321 869
624 636
914 423
310 484
175 573
562 615
814 67
692 714
436 95
297 809
672 870
310 355
919 492
325 35
136 814
313 557
753 955
310 683
989 857
716 156
609 852
173 324
871 928
737 91
577 28
150 19
244 93
25 420
234 904
860 104
423 157
672 562
201 737
348 95
237 932
622 10
595 700
991 400
340 477
454 418
79 421
973 369
64 880
704 26
408 448
576 874
730 313
948 330
564 728
818 369
810 722
693 257
547 335
431 16
470 97
250 647
77 241
398 243
859 240
782 718
650 805
877 860
841 260
771 432
653 777
985 76
606 480
426 38
944 30
58 652
281 732
932 789
238 638
220 939
950 406
193 99
837 47
75 935
792 415
535 282
253 179
296 408
641 561
704 721
415 59
847 265
120 571
476 578
441 221
664 155
354 78
699 928
484 882
399 172
239 682
550 81
573 414
696 781
631 274
932 293
439 462
412 64
821 902
214 249
199 750
80 65
114 841
219 126
530 210
518 464
116 910
953 728
240 722
588 828
879 890
172 936
864 863
639 724
928 512
244 60
675 888
52 654
79 178
619 723
998 136
807 885
651 971
25 848
574 507
622 101
237 433
260 478
712 993
687 92
811 879
596 790
243 613
239 669
480 555
487 724
63 47
514 413
874 990
685 354
205 291
975 172
908 957
736 459
828 800
944 536
400 323
685 692
702 532
516 838
571 34
660 693
113 612
363 333
509 750
172 554
906 618
393 970
442 194
101 374
667 467
487 176
484 477
597 695
354 6
842 345
421 132
717 147
483 726
933 979
908 303
899 561
57 15
186 575
586 876
403 676
639 751
430 335
810 973
22 686
458 518
402 209
54 378
182 237
111 642
8 443
690 211
744 65
529 626
111 542
900 467
116 735
44 831
223 396
880 298
670 263
56 457
875 539
541 271
748 112
541 262
530 73
252 13
142 50
213 528
355 732
479 751
299 398
144 306
279 236
818 42
618 724
588 776
851 762
89 839
962 389
865 919
715 898
434 547
77 180
925 75
465 38
713 438
119 711
236 683
124 100
612 607
461 935
394 512
745 722
540 525
32 574
613 449
570 864
411 745
660 121
304 231
286 770
699 817
160 521
360 364
827 971
400 287
138 628
770 822
212 281
553 110
446 12
981 604
4 922
31 291
386 10
195 380
260 675
74 577
977 328
790 494
571 906
441 645
519 135
416 982
566 201
596 246
677 141
911 619
887 868
841 514
748 423
56 399
351 80
967 192
240 1
172 31
876 682
72 875
458 894
658 339
499 944
852 503
198 639
937 47
553 759
314 645
827 748
360 305
474 569
483 456
413 558
407 732
767 554
16 911
158 706
789 205
440 717
172 15
847 641
145 321
346 932
791 418
268 825
212 791
625 528
93 560
644 627
700 205
732 382
645 110
605 644
786 343
869 510
411 391
612 62
344 25
444 20
985 737
238 405
303 787
539 543
990 689
771 730
36 939
226 315
207 405
806 765
70 858
475 521
103 387
490 499
521 515
149 265
283 849
689 15
632 276
881 567
567 161
502 76
125 702
893 195
345 300
468 497
588 486
41 607
690 908
412 904
322 45
315 844
36 653
16 812
225 368
420 762
530 900
49 466
331 886
699 862
985 99
25 868
159 111
6 885
719 349
449 218
632 81
661 402
37 400
650 271
676 661
925 433
488 500
826 824
724 832
353 374
694 918
910 711
358 483
458 649
643 860
848 509
481 136
784 594
322 864
65 243
105 994
524 334
556 647
940 138
531 252
76 171
772 904
488 810
561 808
71 225
260 793
581 51
672 657
730 303
427 305
943 210
578 646
468 469
585 784
227 127
322 921
234 984
974 459
944 493
939 47
773 564
350 174
168 386
285 169
6 686
97 40
31 982
349 385
154 750
525 981
534 937
967 995
848 319
643 922
334 705
977 428
608 794
873 298
936 534
126 638
767 100
996 4
813 989
107 999
126 837
292 951
566 897
618 282
926 315
746 430
964 184
137 917
869 345
74 43
648 725
953 160
30 362
590 873
966 890
854 1000
765 948
413 387
969 755
803 646
475 94
229 723
847 560
676 207
409 356
866 481
886 959
36 594
463 723
207 185
336 916
946 476
298 360
104 17
19 768
339 571
352 438
548 394
70 127
672 205
392 740
617 365
729 157
676 654
42 201
525 590
760 350
452 870
910 230
10 670
246 402
425 392
104 165
115 841
579 188
258 32
175 154
362 519
148 840
628 670
509 777
415 60
947 324
90 492
140 160
940 643
476 136
420 490
100 219
824 169
826 43
848 968
36 120
646 300
55 177
76 820
689 87
431 939
628 966
364 241
246 362
929 498
709 971
956 5
964 884
93 64
988 746
743 711
85 378
220 300
270 894
866 38
770 666
182 146
636 598
508 962
249 543
429 495
209 104
845 179
249 369
695 407
884 533
535 215
238 544
195 911
873 426
505 671
792 418
318 502
36 706
124 724
476 683
565 154
228 626
140 418
475 352
564 719
770 551
633 111
206 576
961 555
617 108
837 430
202 441
882 535
309 926
964 165
464 995
201 918
684 652
122 468
439 369
11 764
312 40
889 797
948 649
818 291
510 75
965 613
273 500
971 526
65 916
695 592
900 859
9 708
723 908
791 665
9 85
154 797
440 758
241 303
712 577
5 527
635 781
731 225
489 817
991 876
753 79
298 978
681 342
163 37
339 258
430 477
975 750
844 227
628 768
621 136
374 657
502 892
838 507
204 78
621 659
273 598
644 967
706 818
345 496
61 488
319 167
423 479
411 278
400 295
960 613
404 336
941 288
95 686
567 672
860 726
648 981
441 314
544 998
45 809
260 497
188 897
851 857
874 792
800 665
989 750
830 19
789 538
798 981
655 321
799 621
948 549
647 127
940 501
814 254
215 525
20 806
317 507
780 175
667 214
86 306
922 143
610 498
370 992
962 649
122 125
573 524
729 334
474 234
949 857
493 382
229 753
211 705
168 869
993 531
27 250
608 545
938 406
763 184
534 405
166 768
896 446
576 106
101 437
440 703
789 563
283 410
400 879
590 27
398 589
634 488
601 682
78 714
447 478
13 519
256 25
320 587
817 496
408 829
15 727
102 595
46 827
87 109
730 635
834 372
28 599
167 279
902 988
31 616
664 695
387 313
451 153
874 220
87 833
600 131
794 698
89 695
68 635
838 702
924 565
308 822
297 857
793 257
449 373
296 500
81 956
797 414
288 533
496 988
160 18
109 584
721 224
534 835
23 468
762 260
265 72
20 621
997 654
485 317
338 562
521 527
781 919
951 858
788 506
656 524
402 465
55 3
868 97
77 398
464 859
134 794
426 800
159 872
523 464
451 293
751 742
401 853
861 516
233 90
380 438
233 457
502 27
608 240
389 657
703 412
937 29
299 646
864 871
743 809
474 711
870 260
85 713
97 253
939 670
646 214
288 222
489 196
874 902
602 910
33 559
449 978
440 136
793 523
353 784
272 197
254 512
320 877
921 602
822 805
133 46
123 534
532 239
154 707
587 828
435 114
922 936
369 888
791 271
552 969
766 258
30 987
334 454
160 646
568 672
978 57
737 572
280 976
202 832
46 901
668 250
400 278
888 651
913 920
215 527
613 718
737 45
994 808
182 759
841 635
986 755
817 849
605 212
315 436
409 324
264 866
306 735
817 18
985 131
794 936
887 907
343 425
990 877
132 447
608 387
586 973
258 677
154 290
447 542
405 15
455 768
744 10
656 344
24 379
866 453
883 199
558 387
899 929
488 951
476 54
9 538
216 838
823 569
355 830
561 289
552 951
800 489
439 906
528 515
305 946
603 534
266 86
163 625
469 82
760 568
382 758
398 556
583 602
457 346
673 358
708 779
493 279
655 467
554 946
839 391
119 222
172 552
514 368
717 285
923 759
345 101
97 205
640 97
886 288
724 744
683 129
169 445
235 604
178 213
329 993
523 295
998 26
718 232
176 20
747 666
48 379
399 114
659 141
327 495
118 399
127 135
243 592
29 210
491 910
119 638
78 881
485 547
115 214
567 887
602 64
21 743
583 405
366 997
716 122
128 984
517 28
776 150
11 993
666 58
960 822
949 458
325 330
417 240
593 85
822 761
243 773
924 222
11 643
613 458
31 845
811 129
780 340
276 351
855 250
801 725
990 195
526 903
500 974
613 251
713 345
861 335
326 345
566 576
442 145
651 16
954 203
183 227
458 79
184 501
415 323
527 85
82 794
11 403
166 729
211 450
77 79
219 354
861 506
177 525
909 829
248 287
702 61
910 934
439 57
320 99
807 734
566 79
553 146
262 205
764 514
25 167
177 597
379 171
115 728
795 30
325 480
653 546
67 69
607 652
961 239
827 517
576 643
27 864
513 926
574 296
771 460
287 915
665 618
954 123
683 648
747 483
239 580
879 980
618 4
3 216
785 814
863 221
155 982
701 307
151 367
86 873
459 621
303 14
116 784
146 810
297 567
148 896
186 390
655 806
189 876
825 690
70 136
64 962
297 864
256 618
548 774
771 109
551 612
829 919
112 583
647 195
309 643
883 850
854 180
990 834
345 774
705 306
591 758
116 997
736 210
27 775
712 490
241 280
458 283
525 756
626 369
224 422
1 192
776 364
458 629
735 865
251 507
485 661
236 690
721 984
307 216
971 437
956 153
180 778
206 669
825 20
153 165
125 684
27 715
436 819
738 564
284 207
648 6
644 199
475 814
314 163
504 764
537 275
452 957
552 143
124 115
987 663
438 370
993 155
346 202
360 339
200 79
5 193
905 393
748 51
353 606
268 244
504 693
747 663
940 835
392 713
940 367
399 748
388 368
273 331
753 240
320 287
685 845
388 102
747 546
636 264
914 625
14 875
922 831
67 119
252 414
929 3
591 739
813 819
187 716
71 975
565 508
427 596
301 400
809 603
115 97
259 750
485 737
643 367
625 53
375 597
497 821
925 858
932 781
169 896
277 941
654 442
395 110
672 82
877 577
595 561
980 770
836 504
317 192
584 166
961 327
605 879
997 982
698 310
1 805
522 514
455 456
270 669
760 401
295 909
581 453
781 898
355 848
572 229
282 492
191 769
569 44
292 43
43 937
769 923
327 72
278 536
697 611
24 347
834 646
123 44
993 333
47 993
825 627
559 882
738 574
268 65
635 474
676 780
568 450
555 989
545 329
745 227
246 206
292 534
721 47
481 704
21 180
885 509
702 591
391 896
320 797
324 116
358 826
658 481
601 946
89 572
633 973
815 726
989 581
226 707
667 378
207 429
153 510
591 978
782 371
671 846
671 129
968 855
994 494
96 292
915 910
953 44
648 433
969 909
870 906
84 1000
447 53
488 901
897 464
280 986
815 240
530 671
532 634
