10001
3
3
5
5
9
9
11
11
15
15
18
18
19
19
21
21
23
23
26
26
30
30
33
33
37
37
41
41
44
44
45
45
48
48
49
49
50
50
54
54
55
55
59
59
61
61
64
64
67
67
70
70
74
74
78
78
82
82
84
84
87
87
90
90
93
93
95
95
99
99
101
101
102
102
106
106
109
109
111
111
113
113
115
115
119
119
120
120
122
122
125
125
126
126
130
130
133
133
135
135
138
138
142
142
143
143
144
144
146
146
149
149
152
152
153
153
155
155
157
157
159
159
160
160
164
164
165
165
167
167
170
170
172
172
174
174
176
176
177
177
181
181
184
184
186
186
189
189
193
193
196
196
197
197
201
201
204
204
208
208
209
209
210
210
213
213
214
214
215
215
219
219
223
223
226
226
230
230
231
231
232
232
233
233
234
234
238
238
239
239
242
242
245
245
248
248
252
252
256
256
259
259
262
262
265
265
269
269
271
271
273
273
276
276
278
278
279
279
280
280
281
281
283
283
284
284
287
287
289
289
291
291
293
293
294
294
298
298
299
299
301
301
305
305
307
307
309
309
313
313
315
315
319
319
321
321
325
325
329
329
330
330
332
332
334
334
337
337
339
339
342
342
346
346
350
350
351
351
352
352
356
356
357
357
359
359
363
363
367
367
370
370
371
371
372
372
376
376
377
377
379
379
380
380
384
384
387
387
389
389
392
392
396
396
398
398
402
402
406
406
407
407
408
408
409
409
411
411
414
414
416
416
417
417
420
420
421
421
422
422
425
425
429
429
430
430
434
434
438
438
442
442
444
444
448
448
449
449
450
450
454
454
456
456
457
457
461
461
465
465
468
468
470
470
473
473
477
477
479
479
481
481
485
485
487
487
490
490
491
491
495
495
499
499
500
500
502
502
503
503
504
504
508
508
512
512
514
514
517
517
520
520
521
521
522
522
525
525
526
526
527
527
529
529
531
531
533
533
534
534
535
535
539
539
542
542
546
546
549
549
553
553
554
554
556
556
557
557
560
560
562
562
566
566
569
569
572
572
574
574
577
577
580
580
581
581
583
583
587
587
591
591
592
592
593
593
597
597
600
600
601
601
605
605
609
609
612
612
613
613
614
614
617
617
621
621
624
624
626
626
628
628
630
630
633
633
636
636
638
638
639
639
640
640
641
641
644
644
647
647
649
649
650
650
651
651
654
654
657
657
658
658
660
660
663
663
664
664
665
665
666
666
667
667
671
671
675
675
678
678
679
679
683
683
685
685
689
689
691
691
694
694
696
696
699
699
700
700
704
704
708
708
710
710
714
714
715
715
719
719
721
721
723
723
724
724
727
727
731
731
734
734
737
737
738
738
739
739
742
742
743
743
744
744
747
747
748
748
752
752
754
754
755
755
759
759
762
762
766
766
767
767
768
768
769
769
773
773
775
775
776
776
779
779
782
782
786
786
789
789
791
791
793
793
794
794
796
796
800
800
804
804
808
808
810
810
811
811
815
815
819
819
820
820
824
824
826
826
827
827
831
831
834
834
835
835
838
838
839
839
840
840
843
843
845
845
846
846
848
848
851
851
852
852
853
853
854
854
855
855
858
858
860
860
862
862
865
865
869
869
870
870
873
873
876
876
878
878
881
881
884
884
885
885
888
888
890
890
892
892
896
896
897
897
898
898
902
902
905
905
906
906
910
910
912
912
914
914
915
915
918
918
922
922
923
923
926
926
930
930
931
931
933
933
935
935
937
937
941
941
942
942
944
944
946
946
949
949
952
952
956
956
957
957
960
960
963
963
966
966
967
967
969
969
972
972
973
973
974
974
976
976
977
977
978
978
981
981
984
984
985
985
986
986
988
988
989
989
993
993
995
995
997
997
998
998
1001
1001
1004
1004
1008
1008
1011
1011
1012
1012
1014
1014
1015
1015
1018
1018
1019
1019
1021
1021
1023
1023
1026
1026
1030
1030
1032
1032
1036
1036
1038
1038
1040
1040
1041
1041
1044
1044
1046
1046
1047
1047
1048
1048
1052
1052
1053
1053
1055
1055
1057
1057
1058
1058
1059
1059
1062
1062
1064
1064
1065
1065
1066
1066
1067
1067
1071
1071
1074
1074
1075
1075
1076
1076
1079
1079
1082
1082
1084
1084
1088
1088
1092
1092
1096
1096
1099
1099
1100
1100
1104
1104
1105
1105
1107
1107
1111
1111
1114
1114
1118
1118
1122
1122
1126
1126
1129
1129
1133
1133
1134
1134
1138
1138
1142
1142
1143
1143
1145
1145
1147
1147
1148
1148
1150
1150
1152
1152
1156
1156
1160
1160
1162
1162
1163
1163
1166
1166
1170
1170
1172
1172
1174
1174
1178
1178
1179
1179
1180
1180
1184
1184
1188
1188
1189
1189
1191
1191
1194
1194
1197
1197
1198
1198
1200
1200
1202
1202
1205
1205
1206
1206
1208
1208
1211
1211
1212
1212
1214
1214
1218
1218
1220
1220
1222
1222
1224
1224
1227
1227
1229
1229
1230
1230
1234
1234
1236
1236
1239
1239
1242
1242
1245
1245
1246
1246
1248
1248
1251
1251
1252
1252
1254
1254
1257
1257
1258
1258
1261
1261
1262
1262
1265
1265
1268
1268
1271
1271
1272
1272
1273
1273
1276
1276
1278
1278
1281
1281
1284
1284
1288
1288
1291
1291
1295
1295
1296
1296
1300
1300
1302
1302
1304
1304
1308
1308
1309
1309
1312
1312
1315
1315
1319
1319
1320
1320
1323
1323
1324
1324
1328
1328
1331
1331
1333
1333
1335
1335
1338
1338
1342
1342
1344
1344
1345
1345
1347
1347
1351
1351
1352
1352
1355
1355
1358
1358
1361
1361
1362
1362
1363
1363
1365
1365
1368
1368
1369
1369
1371
1371
1373
1373
1375
1375
1379
1379
1381
1381
1384
1384
1386
1386
1390
1390
1392
1392
1395
1395
1397
1397
1399
1399
1401
1401
1405
1405
1409
1409
1412
1412
1414
1414
1417
1417
1421
1421
1423
1423
1424
1424
1428
1428
1431
1431
1434
1434
1436
1436
1437
1437
1440
1440
1442
1442
1444
1444
1446
1446
1448
1448
1451
1451
1454
1454
1458
1458
1460
1460
1464
1464
1466
1466
1470
1470
1473
1473
1476
1476
1478
1478
1482
1482
1486
1486
1489
1489
1492
1492
1495
1495
1496
1496
1500
1500
1502
1502
1506
1506
1508
1508
1510
1510
1513
1513
1517
1517
1521
1521
1525
1525
1529
1529
1531
1531
1533
1533
1534
1534
1537
1537
1540
1540
1543
1543
1545
1545
1547
1547
1548
1548
1549
1549
1552
1552
1556
1556
1560
1560
1561
1561
1562
1562
1565
1565
1566
1566
1569
1569
1571
1571
1574
1574
1577
1577
1578
1578
1582
1582
1584
1584
1586
1586
1587
1587
1588
1588
1589
1589
1593
1593
1597
1597
1601
1601
1603
1603
1604
1604
1608
1608
1612
1612
1616
1616
1619
1619
1620
1620
1621
1621
1624
1624
1626
1626
1630
1630
1632
1632
1633
1633
1637
1637
1639
1639
1642
1642
1646
1646
1650
1650
1654
1654
1657
1657
1659
1659
1660
1660
1662
1662
1665
1665
1667
1667
1670
1670
1673
1673
1676
1676
1678
1678
1681
1681
1683
1683
1686
1686
1689
1689
1691
1691
1694
1694
1696
1696
1700
1700
1703
1703
1706
1706
1708
1708
1712
1712
1714
1714
1717
1717
1721
1721
1722
1722
1726
1726
1729
1729
1730
1730
1733
1733
1735
1735
1738
1738
1742
1742
1744
1744
1748
1748
1750
1750
1754
1754
1756
1756
1757
1757
1759
1759
1763
1763
1766
1766
1769
1769
1771
1771
1772
1772
1776
1776
1780
1780
1783
1783
1786
1786
1789
1789
1790
1790
1794
1794
1796
1796
1798
1798
1800
1800
1802
1802
1804
1804
1805
1805
1809
1809
1811
1811
1814
1814
1815
1815
1819
1819
1821
1821
1824
1824
1828
1828
1832
1832
1834
1834
1835
1835
1839
1839
1842
1842
1846
1846
1848
1848
1849
1849
1851
1851
1853
1853
1854
1854
1855
1855
1859
1859
1862
1862
1865
1865
1869
1869
1872
1872
1873
1873
1874
1874
1878
1878
1880
1880
1883
1883
1884
1884
1885
1885
1889
1889
1892
1892
1893
1893
1897
1897
1898
1898
1901
1901
1904
1904
1908
1908
1912
1912
1915
1915
1918
1918
1920
1920
1923
1923
1927
1927
1930
1930
1934
1934
1935
1935
1938
1938
1942
1942
1943
1943
1944
1944
1947
1947
1951
1951
1954
1954
1957
1957
1958
1958
1961
1961
1965
1965
1968
1968
1971
1971
1975
1975
1977
1977
1978
1978
1982
1982
1983
1983
1984
1984
1987
1987
1990
1990
1994
1994
1996
1996
1998
1998
2000
2000
2004
2004
2008
2008
2009
2009
2011
2011
2014
2014
2016
2016
2020
2020
2022
2022
2024
2024
2028
2028
2032
2032
2033
2033
2036
2036
2038
2038
2039
2039
2040
2040
2041
2041
2044
2044
2047
2047
2051
2051
2052
2052
2055
2055
2059
2059
2060
2060
2064
2064
2066
2066
2070
2070
2073
2073
2076
2076
2077
2077
2078
2078
2080
2080
2084
2084
2085
2085
2088
2088
2090
2090
2092
2092
2094
2094
2097
2097
2100
2100
2102
2102
2105
2105
2109
2109
2113
2113
2117
2117
2121
2121
2125
2125
2126
2126
2129
2129
2131
2131
2135
2135
2138
2138
2142
2142
2145
2145
2148
2148
2151
2151
2155
2155
2157
2157
2159
2159
2162
2162
2164
2164
2166
2166
2170
2170
2171
2171
2173
2173
2176
2176
2178
2178
2182
2182
2186
2186
2187
2187
2189
2189
2190
2190
2193
2193
2194
2194
2198
2198
2200
2200
2201
2201
2204
2204
2206
2206
2209
2209
2213
2213
2215
2215
2216
2216
2220
2220
2224
2224
2227
2227
2229
2229
2233
2233
2234
2234
2237
2237
2239
2239
2241
2241
2245
2245
2246
2246
2249
2249
2251
2251
2254
2254
2258
2258
2259
2259
2262
2262
2266
2266
2268
2268
2271
2271
2273
2273
2276
2276
2279
2279
2283
2283
2286
2286
2287
2287
2288
2288
2289
2289
2290
2290
2292
2292
2293
2293
2297
2297
2299
2299
2302
2302
2303
2303
2304
2304
2307
2307
2311
2311
2313
2313
2314
2314
2317
2317
2319
2319
2322
2322
2326
2326
2327
2327
2329
2329
2333
2333
2336
2336
2338
2338
2340
2340
2341
2341
2344
2344
2348
2348
2351
2351
2353
2353
2355
2355
2359
2359
2362
2362
2364
2364
2368
2368
2372
2372
2374
2374
2377
2377
2378
2378
2382
2382
2385
2385
2386
2386
2389
2389
2391
2391
2393
2393
2396
2396
2397
2397
2401
2401
2402
2402
2406
2406
2410
2410
2412
2412
2416
2416
2418
2418
2421
2421
2422
2422
2424
2424
2426
2426
2430
2430
2431
2431
2434
2434
2435
2435
2439
2439
2440
2440
2442
2442
2445
2445
2446
2446
2449
2449
2450
2450
2451
2451
2453
2453
2456
2456
2458
2458
2462
2462
2463
2463
2466
2466
2468
2468
2469
2469
2471
2471
2473
2473
2477
2477
2478
2478
2482
2482
2485
2485
2487
2487
2489
2489
2492
2492
2496
2496
2499
2499
2501
2501
2505
2505
2507
2507
2509
2509
2512
2512
2514
2514
2517
2517
2518
2518
2520
2520
2521
2521
2522
2522
2525
2525
2528
2528
2531
2531
2535
2535
2537
2537
2540
2540
2542
2542
2546
2546
2549
2549
2553
2553
2554
2554
2557
2557
2561
2561
2565
2565
2566
2566
2568
2568
2570
2570
2574
2574
2575
2575
2579
2579
2580
2580
2584
2584
2585
2585
2588
2588
2590
2590
2593
2593
2594
2594
2596
2596
2600
2600
2602
2602
2604
2604
2606
2606
2610
2610
2614
2614
2615
2615
2616
2616
2619
2619
2622
2622
2626
2626
2627
2627
2629
2629
2630
2630
2633
2633
2634
2634
2638
2638
2642
2642
2644
2644
2645
2645
2648
2648
2650
2650
2651
2651
2654
2654
2655
2655
2656
2656
2657
2657
2659
2659
2662
2662
2664
2664
2667
2667
2670
2670
2673
2673
2677
2677
2681
2681
2683
2683
2687
2687
2688
2688
2690
2690
2692
2692
2695
2695
2697
2697
2699
2699
2703
2703
2705
2705
2706
2706
2710
2710
2711
2711
2715
2715
2717
2717
2719
2719
2721
2721
2724
2724
2726
2726
2730
2730
2734
2734
2736
2736
2737
2737
2738
2738
2739
2739
2741
2741
2745
2745
2748
2748
2752
2752
2755
2755
2757
2757
2758
2758
2760
2760
2762
2762
2764
2764
2767
2767
2771
2771
2774
2774
2775
2775
2778
2778
2782
2782
2783
2783
2786
2786
2787
2787
2791
2791
2795
2795
2797
2797
2798
2798
2800
2800
2803
2803
2807
2807
2808
2808
2812
2812
2816
2816
2818
2818
2822
2822
2823
2823
2824
2824
2826
2826
2830
2830
2833
2833
2837
2837
2841
2841
2842
2842
2843
2843
2845
2845
2848
2848
2849
2849
2853
2853
2856
2856
2859
2859
2863
2863
2866
2866
2867
2867
2871
2871
2873
2873
2877
2877
2878
2878
2880
2880
2882
2882
2885
2885
2887
2887
2889
2889
2891
2891
2892
2892
2895
2895
2897
2897
2899
2899
2902
2902
2905
2905
2906
2906
2908
2908
2910
2910
2911
2911
2913
2913
2916
2916
2918
2918
2922
2922
2925
2925
2926
2926
2929
2929
2930
2930
2934
2934
2935
2935
2937
2937
2940
2940
2943
2943
2944
2944
2947
2947
2951
2951
2953
2953
2954
2954
2955
2955
2959
2959
2962
2962
2964
2964
2966
2966
2970
2970
2973
2973
2974
2974
2976
2976
2979
2979
2981
2981
2985
2985
2988
2988
2991
2991
2993
2993
2997
2997
2999
2999
3003
3003
3004
3004
3008
3008
3012
3012
3016
3016
3017
3017
3018
3018
3021
3021
3024
3024
3026
3026
3027
3027
3029
3029
3032
3032
3034
3034
3037
3037
3039
3039
3043
3043
3047
3047
3051
3051
3054
3054
3056
3056
3060
3060
3064
3064
3068
3068
3069
3069
3072
3072
3075
3075
3078
3078
3082
3082
3084
3084
3088
3088
3091
3091
3093
3093
3097
3097
3100
3100
3102
3102
3106
3106
3109
3109
3113
3113
3115
3115
3119
3119
3123
3123
3126
3126
3129
3129
3130
3130
3131
3131
3135
3135
3139
3139
3143
3143
3146
3146
3148
3148
3149
3149
3151
3151
3153
3153
3154
3154
3156
3156
3160
3160
3163
3163
3167
3167
3171
3171
3175
3175
3179
3179
3181
3181
3183
3183
3186
3186
3190
3190
3193
3193
3195
3195
3198
3198
3200
3200
3203
3203
3205
3205
3206
3206
3207
3207
3211
3211
3213
3213
3215
3215
3219
3219
3220
3220
3221
3221
3223
3223
3226
3226
3228
3228
3232
3232
3236
3236
3238
3238
3239
3239
3242
3242
3246
3246
3247
3247
3249
3249
3252
3252
3256
3256
3260
3260
3264
3264
3266
3266
3269
3269
3271
3271
3274
3274
3275
3275
3278
3278
3279
3279
3282
3282
3286
3286
3287
3287
3289
3289
3290
3290
3292
3292
3293
3293
3294
3294
3297
3297
3300
3300
3303
3303
3307
3307
3309
3309
3311
3311
3312
3312
3314
3314
3315
3315
3319
3319
3321
3321
3323
3323
3325
3325
3326
3326
3327
3327
3329
3329
3331
3331
3335
3335
3338
3338
3342
3342
3346
3346
3348
3348
3352
3352
3354
3354
3355
3355
3356
3356
3360
3360
3361
3361
3363
3363
3367
3367
3368
3368
3372
3372
3374
3374
3378
3378
3381
3381
3384
3384
3385
3385
3388
3388
3389
3389
3390
3390
3392
3392
3394
3394
3397
3397
3401
3401
3404
3404
3407
3407
3408
3408
3412
3412
3414
3414
3417
3417
3421
3421
3423
3423
3427
3427
3430
3430
3433
3433
3437
3437
3440
3440
3442
3442
3446
3446
3447
3447
3449
3449
3450
3450
3454
3454
3457
3457
3461
3461
3464
3464
3466
3466
3470
3470
3471
3471
3473
3473
3474
3474
3477
3477
3480
3480
3483
3483
3485
3485
3486
3486
3487
3487
3489
3489
3490
3490
3493
3493
3497
3497
3501
3501
3505
3505
3509
3509
3511
3511
3513
3513
3516
3516
3517
3517
3521
3521
3524
3524
3525
3525
3526
3526
3529
3529
3533
3533
3536
3536
3538
3538
3540
3540
3544
3544
3545
3545
3548
3548
3549
3549
3550
3550
3551
3551
3555
3555
3558
3558
3560
3560
3564
3564
3568
3568
3571
3571
3575
3575
3577
3577
3579
3579
3582
3582
3583
3583
3584
3584
3585
3585
3587
3587
3591
3591
3592
3592
3593
3593
3595
3595
3596
3596
3597
3597
3601
3601
3605
3605
3609
3609
3610
3610
3612
3612
3615
3615
3616
3616
3620
3620
3624
3624
3626
3626
3630
3630
3633
3633
3637
3637
3638
3638
3640
3640
3643
3643
3646
3646
3648
3648
3652
3652
3656
3656
3660
3660
3664
3664
3665
3665
3669
3669
3671
3671
3675
3675
3679
3679
3681
3681
3682
3682
3686
3686
3689
3689
3693
3693
3697
3697
3699
3699
3703
3703
3704
3704
3708
3708
3712
3712
3716
3716
3719
3719
3720
3720
3723
3723
3724
3724
3725
3725
3728
3728
3731
3731
3734
3734
3735
3735
3739
3739
3742
3742
3746
3746
3749
3749
3751
3751
3755
3755
3758
3758
3761
3761
3764
3764
3766
3766
3767
3767
3770
3770
3772
3772
3775
3775
3777
3777
3778
3778
3782
3782
3783
3783
3784
3784
3787
3787
3788
3788
3792
3792
3794
3794
3795
3795
3797
3797
3799
3799
3800
3800
3804
3804
3808
3808
3812
3812
3816
3816
3819
3819
3821
3821
3824
3824
3826
3826
3829
3829
3832
3832
3836
3836
3838
3838
3839
3839
3840
3840
3842
3842
3846
3846
3848
3848
3852
3852
3853
3853
3855
3855
3858
3858
3860
3860
3862
3862
3863
3863
3865
3865
3866
3866
3868
3868
3870
3870
3872
3872
3876
3876
3879
3879
3880
3880
3883
3883
3885
3885
3889
3889
3891
3891
3894
3894
3897
3897
3900
3900
3901
3901
3902
3902
3904
3904
3906
3906
3907
3907
3909
3909
3912
3912
3916
3916
3920
3920
3922
3922
3923
3923
3924
3924
3928
3928
3930
3930
3933
3933
3934
3934
3937
3937
3940
3940
3942
3942
3946
3946
3947
3947
3948
3948
3950
3950
3951
3951
3955
3955
3958
3958
3959
3959
3960
3960
3961
3961
3964
3964
3967
3967
3969
3969
3972
3972
3976
3976
3979
3979
3982
3982
3983
3983
3985
3985
3988
3988
3992
3992
3995
3995
3998
3998
3999
3999
4002
4002
4006
4006
4009
4009
4012
4012
4014
4014
4015
4015
4019
4019
4020
4020
4021
4021
4022
4022
4025
4025
4027
4027
4031
4031
4032
4032
4034
4034
4038
4038
4040
4040
4044
4044
4046
4046
4049
4049
4051
4051
4052
4052
4053
4053
4057
4057
4058
4058
4060
4060
4062
4062
4063
4063
4064
4064
4068
4068
4069
4069
4072
4072
4075
4075
4078
4078
4079
4079
4083
4083
4086
4086
4090
4090
4091
4091
4095
4095
4099
4099
4102
4102
4103
4103
4106
4106
4109
4109
4111
4111
4113
4113
4117
4117
4118
4118
4121
4121
4123
4123
4125
4125
4128
4128
4131
4131
4132
4132
4136
4136
4140
4140
4143
4143
4147
4147
4151
4151
4153
4153
4157
4157
4159
4159
4160
4160
4162
4162
4164
4164
4168
4168
4172
4172
4174
4174
4178
4178
4181
4181
4182
4182
4184
4184
4187
4187
4191
4191
4192
4192
4196
4196
4197
4197
4201
4201
4205
4205
4209
4209
4211
4211
4212
4212
4214
4214
4218
4218
4220
4220
4221
4221
4224
4224
4228
4228
4232
4232
4235
4235
4236
4236
4239
4239
4243
4243
4244
4244
4248
4248
4250
4250
4251
4251
4255
4255
4258
4258
4262
4262
4264
4264
4267
4267
4269
4269
4270
4270
4272
4272
4274
4274
4278
4278
4281
4281
4282
4282
4286
4286
4288
4288
4290
4290
4294
4294
4297
4297
4298
4298
4299
4299
4303
4303
4307
4307
4311
4311
4314
4314
4316
4316
4317
4317
4319
4319
4320
4320
4321
4321
4322
4322
4324
4324
4325
4325
4329
4329
4333
4333
4334
4334
4336
4336
4339
4339
4341
4341
4343
4343
4347
4347
4350
4350
4351
4351
4353
4353
4356
4356
4360
4360
4363
4363
4364
4364
4368
4368
4370
4370
4371
4371
4375
4375
4376
4376
4380
4380
4384
4384
4387
4387
4388
4388
4392
4392
4396
4396
4398
4398
4402
4402
4403
4403
4406
4406
4407
4407
4411
4411
4414
4414
4415
4415
4416
4416
4417
4417
4419
4419
4421
4421
4425
4425
4429
4429
4432
4432
4434
4434
4436
4436
4438
4438
4442
4442
4444
4444
4445
4445
4446
4446
4449
4449
4450
4450
4451
4451
4453
4453
4457
4457
4461
4461
4464
4464
4467
4467
4470
4470
4474
4474
4476
4476
4479
4479
4481
4481
4483
4483
4486
4486
4490
4490
4492
4492
4495
4495
4499
4499
4502
4502
4503
4503
4507
4507
4509
4509
4512
4512
4513
4513
4517
4517
4521
4521
4525
4525
4526
4526
4527
4527
4528
4528
4531
4531
4532
4532
4533
4533
4534
4534
4538
4538
4542
4542
4545
4545
4547
4547
4550
4550
4552
4552
4555
4555
4556
4556
4559
4559
4560
4560
4563
4563
4566
4566
4568
4568
4570
4570
4572
4572
4573
4573
4575
4575
4576
4576
4578
4578
4582
4582
4583
4583
4584
4584
4587
4587
4588
4588
4590
4590
4593
4593
4594
4594
4598
4598
4601
4601
4602
4602
4606
4606
4608
4608
4609
4609
4611
4611
4614
4614
4617
4617
4620
4620
4622
4622
4625
4625
4627
4627
4629
4629
4631
4631
4635
4635
4638
4638
4641
4641
4642
4642
4645
4645
4649
4649
4651
4651
4652
4652
4655
4655
4657
4657
4658
4658
4659
4659
4661
4661
4663
4663
4667
4667
4669
4669
4671
4671
4673
4673
4676
4676
4677
4677
4681
4681
4684
4684
4687
4687
4689
4689
4690
4690
4691
4691
4694
4694
4697
4697
4699
4699
4703
4703
4707
4707
4708
4708
4711
4711
4713
4713
4715
4715
4716
4716
4717
4717
4720
4720
4721
4721
4724
4724
4728
4728
4730
4730
4734
4734
4736
4736
4739
4739
4742
4742
4745
4745
4749
4749
4753
4753
4754
4754
4755
4755
4758
4758
4761
4761
4764
4764
4765
4765
4768
4768
4771
4771
4774
4774
4776
4776
4777
4777
4780
4780
4781
4781
4782
4782
4783
4783
4786
4786
4788
4788
4789
4789
4792
4792
4796
4796
4798
4798
4800
4800
4804
4804
4807
4807
4808
4808
4809
4809
4810
4810
4813
4813
4816
4816
4817
4817
4819
4819
4823
4823
4824
4824
4825
4825
4827
4827
4830
4830
4831
4831
4832
4832
4833
4833
4836
4836
4838
4838
4839
4839
4840
4840
4842
4842
4844
4844
4845
4845
4849
4849
4852
4852
4854
4854
4857
4857
4860
4860
4863
4863
4867
4867
4869
4869
4870
4870
4874
4874
4876
4876
4877
4877
4879
4879
4883
4883
4884
4884
4887
4887
4890
4890
4891
4891
4894
4894
4895
4895
4898
4898
4901
4901
4902
4902
4906
4906
4908
4908
4910
4910
4914
4914
4916
4916
4919
4919
4920
4920
4923
4923
4926
4926
4930
4930
4934
4934
4935
4935
4937
4937
4939
4939
4943
4943
4946
4946
4948
4948
4951
4951
4955
4955
4957
4957
4961
4961
4964
4964
4967
4967
4969
4969
4971
4971
4974
4974
4975
4975
4977
4977
4979
4979
4982
4982
4984
4984
4985
4985
4989
4989
4992
4992
4996
4996
4998
4998
4999
4999
5000
5000
5004
5004
5007
5007
5011
5011
5014
5014
5017
5017
5018
5018
5022
5022
5024
5024
5027
5027
5028
5028
5032
5032
5034
5034
5036
5036
5039
5039
5043
5043
5047
5047
5048
5048
5049
5049
5052
5052
5053
5053
5055
5055
5059
5059
5062
5062
5065
5065
5069
5069
5072
5072
5073
5073
5076
5076
5080
5080
5082
5082
5085
5085
5088
5088
5092
5092
5094
5094
5095
5095
5098
5098
5100
5100
5104
5104
5108
5108
5112
5112
5116
5116
5120
5120
5121
5121
5122
5122
5124
5124
5125
5125
5126
5126
5128
5128
5129
5129
5132
5132
5134
5134
5137
5137
5139
5139
5140
5140
5141
5141
5142
5142
5145
5145
5147
5147
5150
5150
5152
5152
5155
5155
5157
5157
5161
5161
5163
5163
5166
5166
5170
5170
5174
5174
5175
5175
5178
5178
5182
5182
5186
5186
5188
5188
5191
5191
5192
5192
5194
5194
5198
5198
5199
5199
5201
5201
5203
5203
5204
5204
5208
5208
5211
5211
5214
5214
5215
5215
5218
5218
5222
5222
5223
5223
5224
5224
5225
5225
5229
5229
5231
5231
5234
5234
5235
5235
5236
5236
5240
5240
5243
5243
5247
5247
5251
5251
5254
5254
5256
5256
5259
5259
5262
5262
5265
5265
5266
5266
5269
5269
5270
5270
5274
5274
5277
5277
5279
5279
5280
5280
5283
5283
5285
5285
5289
5289
5291
5291
5293
5293
5295
5295
5296
5296
5299
5299
5302
5302
5303
5303
5305
5305
5309
5309
5312
5312
5314
5314
5315
5315
5317
5317
5321
5321
5325
5325
5326
5326
5329
5329
5331
5331
5334
5334
5335
5335
5339
5339
5342
5342
5345
5345
5349
5349
5352
5352
5353
5353
5355
5355
5358
5358
5361
5361
5364
5364
5366
5366
5370
5370
5374
5374
5378
5378
5382
5382
5384
5384
5386
5386
5390
5390
5393
5393
5394
5394
5396
5396
5400
5400
5401
5401
5405
5405
5409
5409
5410
5410
5414
5414
5416
5416
5418
5418
5421
5421
5423
5423
5424
5424
5425
5425
5429
5429
5430
5430
5433
5433
5437
5437
5439
5439
5441
5441
5443
5443
5447
5447
5450
5450
5452
5452
5455
5455
5457
5457
5458
5458
5459
5459
5462
5462
5463
5463
5466
5466
5470
5470
5472
5472
5475
5475
5479
5479
5480
5480
5482
5482
5486
5486
5487
5487
5490
5490
5491
5491
5494
5494
5498
5498
5500
5500
5503
5503
5506
5506
5508
5508
5510
5510
5512
5512
5515
5515
5518
5518
5521
5521
5523
5523
5524
5524
5528
5528
5532
5532
5535
5535
5536
5536
5540
5540
5541
5541
5542
5542
5545
5545
5549
5549
5551
5551
5552
5552
5556
5556
5559
5559
5561
5561
5564
5564
5567
5567
5571
5571
5575
5575
5576
5576
5579
5579
5580
5580
5583
5583
5584
5584
5586
5586
5590
5590
5592
5592
5596
5596
5598
5598
5602
5602
5603
5603
5606
5606
5610
5610
5614
5614
5615
5615
5619
5619
5623
5623
5624
5624
5628
5628
5630
5630
5631
5631
5632
5632
5634
5634
5638
5638
5641
5641
5644
5644
5646
5646
5647
5647
5649
5649
5650
5650
5651
5651
5655
5655
5656
5656
5660
5660
5664
5664
5666
5666
5669
5669
5670
5670
5671
5671
5672
5672
5676
5676
5677
5677
5680
5680
5683
5683
5684
5684
5687
5687
5689
5689
5693
5693
5696
5696
5697
5697
5698
5698
5701
5701
5703
5703
5705
5705
5707
5707
5711
5711
5715
5715
5719
5719
5720
5720
5721
5721
5725
5725
5726
5726
5730
5730
5731
5731
5735
5735
5738
5738
5740
5740
5743
5743
5746
5746
5749
5749
5752
5752
5754
5754
5757
5757
5758
5758
5759
5759
5762
5762
5765
5765
5767
5767
5769
5769
5770
5770
5773
5773
5775
5775
5779
5779
5783
5783
5786
5786
5787
5787
5790
5790
5792
5792
5796
5796
5799
5799
5801
5801
5805
5805
5809
5809
5810
5810
5814
5814
5817
5817
5820
5820
5821
5821
5822
5822
5823
5823
5826
5826
5829
5829
5832
5832
5834
5834
5837
5837
5840
5840
5844
5844
5845
5845
5849
5849
5851
5851
5853
5853
5855
5855
5858
5858
5859
5859
5860
5860
5862
5862
5863
5863
5867
5867
5870
5870
5871
5871
5873
5873
5874
5874
5878
5878
5879
5879
5880
5880
5883
5883
5887
5887
5891
5891
5894
5894
5898
5898
5902
5902
5904
5904
5907
5907
5909
5909
5912
5912
5913
5913
5917
5917
5919
5919
5921
5921
5925
5925
5928
5928
5931
5931
5932
5932
5934
5934
5937
5937
5939
5939
5942
5942
5945
5945
5946
5946
5947
5947
5950
5950
5952
5952
5953
5953
5955
5955
5958
5958
5960
5960
5964
5964
5966
5966
5967
5967
5970
5970
5971
5971
5975
5975
5979
5979
5982
5982
5984
5984
5986
5986
5990
5990
5991
5991
5994
5994
5995
5995
5999
5999
6001
6001
6004
6004
6005
6005
6008
6008
6009
6009
6011
6011
6012
6012
6015
6015
6017
6017
6018
6018
6020
6020
6023
6023
6025
6025
6028
6028
6029
6029
6032
6032
6035
6035
6037
6037
6040
6040
6041
6041
6044
6044
6046
6046
6050
6050
6051
6051
6054
6054
6055
6055
6059
6059
6063
6063
6066
6066
6070
6070
6073
6073
6077
6077
6079
6079
6082
6082
6084
6084
6086
6086
6090
6090
6092
6092
6093
6093
6094
6094
6097
6097
6099
6099
6103
6103
6107
6107
6111
6111
6115
6115
6117
6117
6119
6119
6121
6121
6125
6125
6127
6127
6131
6131
6132
6132
6133
6133
6137
6137
6141
6141
6142
6142
6146
6146
6149
6149
6153
6153
6156
6156
6157
6157
6160
6160
6161
6161
6165
6165
6166
6166
6168
6168
6171
6171
6173
6173
6175
6175
6179
6179
6183
6183
6186
6186
6189
6189
6192
6192
6195
6195
6197
6197
6201
6201
6205
6205
6208
6208
6211
6211
6213
6213
6215
6215
6219
6219
6221
6221
6223
6223
6226
6226
6229
6229
6230
6230
6231
6231
6233
6233
6236
6236
6237
6237
6241
6241
6244
6244
6248
6248
6252
6252
6253
6253
6256
6256
6258
6258
6260
6260
6262
6262
6263
6263
6264
6264
6268
6268
6272
6272
6275
6275
6276
6276
6279
6279
6281
6281
6285
6285
6287
6287
6290
6290
6291
6291
6292
6292
6293
6293
6295
6295
6298
6298
6301
6301
6303
6303
6306
6306
6310
6310
6311
6311
6314
6314
6317
6317
6320
6320
6323
6323
6326
6326
6329
6329
6330
6330
6334
6334
6335
6335
6337
6337
6341
6341
6342
6342
6343
6343
6346
6346
6349
6349
6350
6350
6352
6352
6356
6356
6360
6360
6363
6363
6366
6366
6367
6367
6370
6370
6373
6373
6375
6375
6376
6376
6377
6377
6381
6381
6384
6384
6388
6388
6392
6392
6393
6393
6395
6395
6397
6397
6400
6400
6404
6404
6405
6405
6408
6408
6411
6411
6412
6412
6416
6416
6419
6419
6420
6420
6424
6424
6425
6425
6428
6428
6429
6429
6431
6431
6433
6433
6437
6437
6441
6441
6445
6445
6449
6449
6451
6451
6453
6453
6455
6455
6457
6457
6459
6459
6460
6460
6464
6464
6465
6465
6469
6469
6470
6470
6473
6473
6474
6474
6477
6477
6479
6479
6480
6480
6482
6482
6483
6483
6484
6484
6485
6485
6488
6488
6489
6489
6490
6490
6493
6493
6496
6496
6497
6497
6498
6498
6499
6499
6503
6503
6507
6507
6511
6511
6515
6515
6517
6517
6519
6519
6520
6520
6523
6523
6526
6526
6527
6527
6530
6530
6534
6534
6538
6538
6541
6541
6543
6543
6547
6547
6548
6548
6551
6551
6552
6552
6554
6554
6557
6557
6558
6558
6561
6561
6562
6562
6564
6564
6567
6567
6571
6571
6575
6575
6578
6578
6582
6582
6586
6586
6588
6588
6591
6591
6595
6595
6596
6596
6600
6600
6601
6601
6602
6602
6605
6605
6608
6608
6609
6609
6610
6610
6612
6612
6616
6616
6619
6619
6622
6622
6626
6626
6629
6629
6631
6631
6635
6635
6636
6636
6640
6640
6644
6644
6647
6647
6648
6648
6649
6649
6650
6650
6654
6654
6655
6655
6658
6658
6661
6661
6665
6665
6669
6669
6670
6670
6673
6673
6674
6674
6675
6675
6678
6678
6679
6679
6682
6682
6684
6684
6686
6686
6689
6689
6692
6692
6693
6693
6694
6694
6696
6696
6700
6700
6703
6703
6706
6706
6709
6709
6712
6712
6714
6714
6717
6717
6718
6718
6720
6720
6723
6723
6724
6724
6725
6725
6728
6728
6731
6731
6734
6734
6737
6737
6740
6740
6744
6744
6745
6745
6748
6748
6752
6752
6756
6756
6759
6759
6761
6761
6762
6762
6766
6766
6770
6770
6773
6773
6774
6774
6778
6778
6782
6782
6786
6786
6788
6788
6790
6790
6793
6793
6794
6794
6798
6798
6799
6799
6800
6800
6801
6801
6804
6804
6806
6806
6808
6808
6810
6810
6814
6814
6818
6818
6822
6822
6824
6824
6827
6827
6831
6831
6835
6835
6837
6837
6840
6840
6843
6843
6846
6846
6849
6849
6851
6851
6853
6853
6855
6855
6857
6857
6858
6858
6859
6859
6861
6861
6864
6864
6867
6867
6871
6871
6874
6874
6876
6876
6880
6880
6883
6883
6885
6885
6887
6887
6891
6891
6894
6894
6897
6897
6901
6901
6904
6904
6906
6906
6907
6907
6908
6908
6910
6910
6911
6911
6914
6914
6918
6918
6921
6921
6922
6922
6925
6925
6929
6929
6932
6932
6936
6936
6938
6938
6941
6941
6945
6945
6948
6948
6949
6949
6951
6951
6953
6953
6956
6956
6959
6959
6960
6960
6962
6962
6963
6963
6965
6965
6966
6966
6969
6969
6970
6970
6974
6974
6975
6975
6977
6977
6978
6978
6980
6980
6983
6983
6984
6984
6988
6988
6991
6991
6994
6994
6998
6998
6999
6999
7001
7001
7003
7003
7007
7007
7010
7010
7011
7011
7014
7014
7015
7015
7016
7016
7017
7017
7019
7019
7023
7023
7026
7026
7028
7028
7029
7029
7032
7032
7036
7036
7037
7037
7039
7039
7043
7043
7044
7044
7046
7046
7047
7047
7048
7048
7051
7051
7055
7055
7056
7056
7058
7058
7060
7060
7063
7063
7065
7065
7067
7067
7071
7071
7074
7074
7075
7075
7078
7078
7081
7081
7084
7084
7087
7087
7091
7091
7094
7094
7095
7095
7098
7098
7100
7100
7102
7102
7105
7105
7109
7109
7110
7110
7113
7113
7114
7114
7118
7118
7121
7121
7124
7124
7125
7125
7128
7128
7129
7129
7133
7133
7136
7136
7139
7139
7140
7140
7141
7141
7145
7145
7147
7147
7148
7148
7150
7150
7152
7152
7155
7155
7156
7156
7160
7160
7161
7161
7165
7165
7168
7168
7169
7169
7171
7171
7175
7175
7178
7178
7182
7182
7185
7185
7188
7188
7190
7190
7194
7194
7197
7197
7198
7198
7200
7200
7203
7203
7206
7206
7208
7208
7210
7210
7212
7212
7216
7216
7218
7218
7220
7220
7223
7223
7226
7226
7228
7228
7229
7229
7233
7233
7237
7237
7238
7238
7241
7241
7242
7242
7246
7246
7247
7247
7248
7248
7249
7249
7253
7253
7256
7256
7260
7260
7263
7263
7265
7265
7266
7266
7268
7268
7272
7272
7273
7273
7276
7276
7278
7278
7282
7282
7286
7286
7289
7289
7290
7290
7294
7294
7298
7298
7300
7300
7302
7302
7304
7304
7308
7308
7310
7310
7311
7311
7314
7314
7316
7316
7319
7319
7322
7322
7323
7323
7327
7327
7331
7331
7332
7332
7335
7335
7337
7337
7341
7341
7342
7342
7345
7345
7346
7346
7348
7348
7350
7350
7351
7351
7355
7355
7358
7358
7362
7362
7366
7366
7367
7367
7371
7371
7374
7374
7378
7378
7380
7380
7384
7384
7385
7385
7386
7386
7388
7388
7389
7389
7392
7392
7395
7395
7399
7399
7401
7401
7405
7405
7408
7408
7409
7409
7413
7413
7414
7414
7416
7416
7420
7420
7422
7422
7423
7423
7427
7427
7430
7430
7432
7432
7436
7436
7439
7439
7440
7440
7444
7444
7446
7446
7447
7447
7450
7450
7454
7454
7455
7455
7459
7459
7462
7462
7463
7463
7467
7467
7471
7471
7473
7473
7476
7476
7479
7479
7480
7480
7484
7484
7486
7486
7489
7489
7493
7493
7494
7494
7497
7497
7498
7498
7502
7502
7506
7506
7507
7507
7510
7510
7513
7513
7516
7516
7519
7519
7520
7520
7523
7523
7525
7525
7527
7527
7530
7530
7534
7534
7535
7535
7538
7538
7542
7542
7545
7545
7549
7549
7552
7552
7555
7555
7556
7556
7557
7557
7558
7558
7559
7559
7563
7563
7565
7565
7568
7568
7571
7571
7573
7573
7574
7574
7578
7578
7580
7580
7581
7581
7585
7585
7589
7589
7592
7592
7594
7594
7596
7596
7599
7599
7603
7603
7606
7606
7610
7610
7613
7613
7616
7616
7620
7620
7621
7621
7623
7623
7625
7625
7629
7629
7633
7633
7637
7637
7641
7641
7642
7642
7646
7646
7650
7650
7654
7654
7655
7655
7657
7657
7660
7660
7663
7663
7666
7666
7668
7668
7672
7672
7675
7675
7676
7676
7679
7679
7680
7680
7683
7683
7684
7684
7687
7687
7689
7689
7692
7692
7694
7694
7698
7698
7699
7699
7700
7700
7701
7701
7703
7703
7705
7705
7709
7709
7711
7711
7713
7713
7717
7717
7719
7719
7720
7720
7723
7723
7724
7724
7726
7726
7727
7727
7730
7730
7734
7734
7737
7737
7741
7741
7744
7744
7745
7745
7746
7746
7747
7747
7748
7748
7751
7751
7752
7752
7755
7755
7759
7759
7763
7763
7767
7767
7771
7771
7775
7775
7779
7779
7783
7783
7785
7785
7786
7786
7789
7789
7792
7792
7794
7794
7796
7796
7800
7800
7803
7803
7804
7804
7808
7808
7812
7812
7813
7813
7816
7816
7819
7819
7822
7822
7824
7824
7825
7825
7828
7828
7830
7830
7831
7831
7834
7834
7838
7838
7840
7840
7841
7841
7845
7845
7846
7846
7850
7850
7853
7853
7857
7857
7860
7860
7862
7862
7863
7863
7866
7866
7870
7870
7873
7873
7874
7874
7876
7876
7878
7878
7881
7881
7883
7883
7885
7885
7887
7887
7889
7889
7893
7893
7897
7897
7901
7901
7902
7902
7906
7906
7908
7908
7911
7911
7915
7915
7919
7919
7921
7921
7922
7922
7926
7926
7927
7927
7928
7928
7931
7931
7934
7934
7935
7935
7936
7936
7940
7940
7941
7941
7944
7944
7948
7948
7952
7952
7955
7955
7956
7956
7957
7957
7958
7958
7960
7960
7962
7962
7964
7964
7967
7967
7968
7968
7969
7969
7971
7971
7973
7973
7977
7977
7980
7980
7984
7984
7988
7988
7990
7990
7991
7991
7995
7995
7996
7996
7998
7998
7999
7999
8002
8002
8006
8006
8007
8007
8010
8010
8014
8014
8015
8015
8016
8016
8019
8019
8023
8023
8027
8027
8030
8030
8031
8031
8035
8035
8039
8039
8041
8041
8043
8043
8045
8045
8048
8048
8050
8050
8053
8053
8057
8057
8059
8059
8060
8060
8063
8063
8064
8064
8066
8066
8069
8069
8073
8073
8075
8075
8079
8079
8083
8083
8087
8087
8091
8091
8095
8095
8097
8097
8100
8100
8101
8101
8103
8103
8104
8104
8108
8108
8109
8109
8112
8112
8116
8116
8117
8117
8119
8119
8121
8121
8123
8123
8126
8126
8130
8130
8133
8133
8134
8134
8137
8137
8141
8141
8142
8142
8143
8143
8147
8147
8149
8149
8152
8152
8156
8156
8159
8159
8162
8162
8165
8165
8167
8167
8169
8169
8172
8172
8175
8175
8179
8179
8182
8182
8186
8186
8190
8190
8192
8192
8193
8193
8195
8195
8197
8197
8198
8198
8201
8201
8204
8204
8206
8206
8207
8207
8209
8209
8213
8213
8214
8214
8218
8218
8222
8222
8223
8223
8227
8227
8230
8230
8232
8232
8234
8234
8236
8236
8240
8240
8244
8244
8245
8245
8246
8246
8247
8247
8250
8250
8253
8253
8257
8257
8258
8258
8260
8260
8263
8263
8265
8265
8267
8267
8271
8271
8274
8274
8276
8276
8278
8278
8279
8279
8282
8282
8284
8284
8286
8286
8289
8289
8291
8291
8292
8292
8294
8294
8296
8296
8300
8300
8304
8304
8307
8307
8309
8309
8311
8311
8313
8313
8314
8314
8316
8316
8318
8318
8320
8320
8324
8324
8328
8328
8329
8329
8333
8333
8335
8335
8339
8339
8340
8340
8343
8343
8346
8346
8350
8350
8351
8351
8352
8352
8356
8356
8359
8359
8361
8361
8363
8363
8364
8364
8368
8368
8370
8370
8372
8372
8373
8373
8375
8375
8377
8377
8381
8381
8384
8384
8387
8387
8388
8388
8391
8391
8395
8395
8398
8398
8402
8402
8405
8405
8407
8407
8408
8408
8410
8410
8413
8413
8417
8417
8419
8419
8421
8421
8423
8423
8424
8424
8426
8426
8428
8428
8429
8429
8433
8433
8437
8437
8439
8439
8440
8440
8443
8443
8446
8446
8448
8448
8451
8451
8455
8455
8458
8458
8460
8460
8462
8462
8463
8463
8466
8466
8467
8467
8471
8471
8472
8472
8476
8476
8478
8478
8480
8480
8484
8484
8487
8487
8488
8488
8491
8491
8492
8492
8494
8494
8495
8495
8496
8496
8499
8499
8501
8501
8502
8502
8504
8504
8505
8505
8507
8507
8509
8509
8512
8512
8513
8513
8517
8517
8519
8519
8523
8523
8525
8525
8528
8528
8530
8530
8533
8533
8534
8534
8536
8536
8538
8538
8539
8539
8540
8540
8544
8544
8547
8547
8548
8548
8550
8550
8553
8553
8556
8556
8558
8558
8562
8562
8565
8565
8568
8568
8570
8570
8571
8571
8574
8574
8577
8577
8578
8578
8579
8579
8580
8580
8584
8584
8585
8585
8589
8589
8590
8590
8594
8594
8595
8595
8598
8598
8599
8599
8602
8602
8606
8606
8608
8608
8609
8609
8613
8613
8616
8616
8620
8620
8622
8622
8625
8625
8626
8626
8630
8630
8631
8631
8634
8634
8637
8637
8641
8641
8642
8642
8646
8646
8650
8650
8653
8653
8656
8656
8660
8660
8663
8663
8666
8666
8669
8669
8672
8672
8674
8674
8677
8677
8680
8680
8682
8682
8684
8684
8687
8687
8688
8688
8689
8689
8690
8690
8691
8691
8695
8695
8698
8698
8702
8702
8704
8704
8705
8705
8709
8709
8710
8710
8711
8711
8713
8713
8717
8717
8721
8721
8723
8723
8726
8726
8729
8729
8730
8730
8731
8731
8734
8734
8737
8737
8740
8740
8741
8741
8743
8743
8747
8747
8751
8751
8755
8755
8757
8757
8758
8758
8760
8760
8762
8762
8763
8763
8765
8765
8767
8767
8771
8771
8775
8775
8776
8776
8777
8777
8781
8781
8785
8785
8787
8787
8788
8788
8790
8790
8791
8791
8795
8795
8798
8798
8801
8801
8804
8804
8807
8807
8811
8811
8812
8812
8814
8814
8816
8816
8817
8817
8820
8820
8822
8822
8826
8826
8828
8828
8831
8831
8835
8835
8838
8838
8842
8842
8846
8846
8847
8847
8848
8848
8852
8852
8856
8856
8857
8857
8861
8861
8865
8865
8869
8869
8870
8870
8874
8874
8875
8875
8876
8876
8879
8879
8883
8883
8887
8887
8888
8888
8890
8890
8893
8893
8894
8894
8897
8897
8901
8901
8903
8903
8904
8904
8905
8905
8906
8906
8908
8908
8911
8911
8912
8912
8913
8913
8915
8915
8919
8919
8920
8920
8922
8922
8925
8925
8929
8929
8931
8931
8934
8934
8937
8937
8939
8939
8942
8942
8944
8944
8946
8946
8950
8950
8951
8951
8952
8952
8955
8955
8956
8956
8959
8959
8960
8960
8962
8962
8963
8963
8967
8967
8970
8970
8972
8972
8973
8973
8976
8976
8979
8979
8982
8982
8985
8985
8988
8988
8989
8989
8992
8992
8995
8995
8997
8997
8998
8998
9001
9001
9005
9005
9008
9008
9009
9009
9010
9010
9012
9012
9015
9015
9017
9017
9018
9018
9021
9021
9024
9024
9027
9027
9030
9030
9031
9031
9034
9034
9038
9038
9039
9039
9041
9041
9043
9043
9045
9045
9047
9047
9048
9048
9049
9049
9050
9050
9053
9053
9056
9056
9057
9057
9058
9058
9060
9060
9062
9062
9064
9064
9068
9068
9069
9069
9073
9073
9077
9077
9078
9078
9079
9079
9081
9081
9084
9084
9085
9085
9089
9089
9090
9090
9093
9093
9096
9096
9097
9097
9098
9098
9100
9100
9101
9101
9104
9104
9108
9108
9111
9111
9115
9115
9119
9119
9122
9122
9126
9126
9128
9128
9129
9129
9133
9133
9136
9136
9138
9138
9140
9140
9144
9144
9145
9145
9147
9147
9150
9150
9151
9151
9154
9154
9158
9158
9160
9160
9161
9161
9165
9165
9167
9167
9168
9168
9171
9171
9175
9175
9176
9176
9179
9179
9180
9180
9181
9181
9182
9182
9186
9186
9189
9189
9190
9190
9193
9193
9194
9194
9198
9198
9199
9199
9201
9201
9205
9205
9208
9208
9211
9211
9212
9212
9214
9214
9218
9218
9220
9220
9224
9224
9228
9228
9232
9232
9235
9235
9236
9236
9240
9240
9243
9243
9245
9245
9249
9249
9250
9250
9251
9251
9255
9255
9258
9258
9260
9260
9261
9261
9265
9265
9266
9266
9269
9269
9273
9273
9277
9277
9281
9281
9284
9284
9288
9288
9289
9289
9291
9291
9293
9293
9296
9296
9298
9298
9301
9301
9303
9303
9307
9307
9309
9309
9310
9310
9313
9313
9314
9314
9316
9316
9319
9319
9322
9322
9325
9325
9327
9327
9330
9330
9334
9334
9336
9336
9337
9337
9338
9338
9340
9340
9344
9344
9345
9345
9349
9349
9352
9352
9356
9356
9359
9359
9361
9361
9364
9364
9367
9367
9370
9370
9374
9374
9376
9376
9377
9377
9379
9379
9382
9382
9386
9386
9390
9390
9394
9394
9396
9396
9400
9400
9401
9401
9405
9405
9407
9407
9410
9410
9412
9412
9416
9416
9418
9418
9421
9421
9425
9425
9427
9427
9431
9431
9435
9435
9438
9438
9441
9441
9443
9443
9445
9445
9447
9447
9450
9450
9451
9451
9455
9455
9457
9457
9461
9461
9462
9462
9464
9464
9466
9466
9470
9470
9471
9471
9472
9472
9475
9475
9477
9477
9481
9481
9484
9484
9486
9486
9487
9487
9488
9488
9491
9491
9495
9495
9498
9498
9499
9499
9502
9502
9506
9506
9510
9510
9512
9512
9514
9514
9516
9516
9520
9520
9524
9524
9527
9527
9529
9529
9533
9533
9536
9536
9539
9539
9542
9542
9545
9545
9549
9549
9553
9553
9555
9555
9559
9559
9563
9563
9567
9567
9569
9569
9572
9572
9574
9574
9577
9577
9580
9580
9583
9583
9584
9584
9586
9586
9587
9587
9588
9588
9589
9589
9593
9593
9597
9597
9599
9599
9601
9601
9602
9602
9603
9603
9604
9604
9608
9608
9611
9611
9615
9615
9617
9617
9618
9618
9620
9620
9624
9624
9625
9625
9627
9627
9629
9629
9633
9633
9634
9634
9635
9635
9636
9636
9640
9640
9643
9643
9646
9646
9648
9648
9649
9649
9652
9652
9656
9656
9657
9657
9660
9660
9664
9664
9668
9668
9670
9670
9671
9671
9672
9672
9675
9675
9677
9677
9678
9678
9680
9680
9684
9684
9688
9688
9691
9691
9695
9695
9697
9697
9699
9699
9703
9703
9706
9706
9709
9709
9713
9713
9716
9716
9720
9720
9724
9724
9726
9726
9728
9728
9731
9731
9735
9735
9737
9737
9738
9738
9741
9741
9743
9743
9747
9747
9749
9749
9750
9750
9751
9751
9753
9753
9755
9755
9758
9758
9761
9761
9763
9763
9767
9767
9769
9769
9771
9771
9773
9773
9775
9775
9778
9778
9782
9782
9783
9783
9784
9784
9786
9786
9790
9790
9793
9793
9794
9794
9798
9798
9799
9799
9801
9801
9803
9803
9807
9807
9810
9810
9812
9812
9814
9814
9818
9818
9819
9819
9822
9822
9823
9823
9825
9825
9829
9829
9831
9831
9835
9835
9838
9838
9841
9841
9845
9845
9849
9849
9853
9853
9854
9854
9855
9855
9857
9857
9861
9861
9863
9863
9865
9865
9867
9867
9868
9868
9869
9869
9871
9871
9875
9875
9876
9876
9880
9880
9881
9881
9885
9885
9887
9887
9890
9890
9891
9891
9893
9893
9896
9896
9899
9899
9901
9901
9905
9905
9907
9907
9910
9910
9914
9914
9918
9918
9919
9919
9922
9922
9926
9926
9927
9927
9930
9930
9934
9934
9936
9936
9939
9939
9940
9940
9944
9944
9948
9948
9950
9950
9954
9954
9955
9955
9956
9956
9960
9960
9964
9964
9966
9966
9969
9969
9971
9971
9975
9975
9978
9978
9981
9981
9983
9983
9984
9984
9988
9988
9990
9990
9992
9992
9994
9994
9995
9995
9997
9997
9999
9999
10002
10002
10003
10003
10005
10005
10006
10006
10010
10010
10014
10014
10017
10017
10018
10018
10021
10021
10023
10023
10025
10025
10027
10027
10030
10030
10032
10032
10033
10033
10035
10035
10038
10038
10041
10041
10044
10044
10046
10046
10047
10047
10048
10048
10052
10052
10053
10053
10057
10057
10058
10058
10060
10060
10061
10061
10062
10062
10065
10065
10068
10068
10071
10071
10074
10074
10078
10078
10081
10081
10084
10084
10087
10087
10089
10089
10092
10092
10093
10093
10096
10096
10100
10100
10102
10102
10103
10103
10104
10104
10106
10106
10109
10109
10113
10113
10117
10117
10118
10118
10119
10119
10123
10123
10125
10125
10129
10129
10133
10133
10134
10134
10138
10138
10140
10140
10142
10142
10146
10146
10150
10150
10154
10154
10156
10156
10159
10159
10162
10162
10163
10163
10164
10164
10166
10166
10168
10168
10171
10171
10173
10173
10177
10177
10179
10179
10183
10183
10184
10184
10186
10186
10187
10187
10190
10190
10191
10191
10192
10192
10195
10195
10197
10197
10201
10201
10205
10205
10206
10206
10210
10210
10211
10211
10212
10212
10213
10213
10215
10215
10219
10219
10223
10223
10224
10224
10226
10226
10228
10228
10231
10231
10233
10233
10235
10235
10239
10239
10242
10242
10246
10246
10248
10248
10250
10250
10251
10251
10252
10252
10254
10254
10257
10257
10258
10258
10262
10262
10265
10265
10266
10266
10269
10269
10273
10273
10274
10274
10276
10276
10277
10277
10281
10281
10283
10283
10284
10284
10288
10288
10291
10291
10295
10295
10298
10298
10301
10301
10302
10302
10303
10303
10305
10305
10307
10307
10309
10309
10310
10310
10314
10314
10316
10316
10318
10318
10320
10320
10322
10322
10324
10324
10327
10327
10331
10331
10334
10334
10337
10337
10340
10340
10343
10343
10344
10344
10346
10346
10349
10349
10351
10351
10353
10353
10355
10355
10359
10359
10361
10361
10362
10362
10364
10364
10366
10366
10370
10370
10371
10371
10373
10373
10377
10377
10379
10379
10383
10383
10384
10384
10386
10386
10389
10389
10391
10391
10395
10395
10399
10399
10403
10403
10404
10404
10407
10407
10410
10410
10413
10413
10414
10414
10415
10415
10417
10417
10418
10418
10421
10421
10425
10425
10427
10427
10431
10431
10433
10433
10434
10434
10436
10436
10438
10438
10441
10441
10444
10444
10445
10445
10448
10448
10452
10452
10456
10456
10460
10460
10463
10463
10464
10464
10465
10465
10467
10467
10469
10469
10473
10473
10474
10474
10475
10475
10476
10476
10479
10479
10483
10483
10486
10486
10489
10489
10493
10493
10497
10497
10500
10500
10502
10502
10506
10506
10507
10507
10509
10509
10510
10510
10511
10511
10514
10514
10516
10516
10519
10519
10520
10520
10523
10523
10524
10524
10528
10528
10530
10530
10534
10534
10537
10537
10539
10539
10540
10540
10544
10544
10548
10548
10552
10552
10556
10556
10560
10560
10564
10564
10567
10567
10570
10570
10573
10573
10574
10574
10577
10577
10579
10579
10583
10583
10587
10587
10588
10588
10592
10592
10593
10593
10594
10594
10598
10598
10601
10601
10604
10604
10607
10607
10610
10610
10611
10611
10614
10614
10617
10617
10619
10619
10622
10622
10623
10623
10627
10627
10630
10630
10634
10634
10637
10637
10639
10639
10642
10642
10644
10644
10646
10646
10647
10647
10648
10648
10652
10652
10654
10654
10657
10657
10658
10658
10659
10659
10661
10661
10663
10663
10667
10667
10670
10670
10672
10672
10675
10675
10676
10676
10680
10680
10681
10681
10685
10685
10689
10689
10693
10693
10695
10695
10697
10697
10699
10699
10701
10701
10702
10702
10706
10706
10707
10707
10710
10710
10711
10711
10714
10714
10718
10718
10720
10720
10724
10724
10728
10728
10729
10729
10730
10730
10732
10732
10734
10734
10735
10735
10739
10739
10742
10742
10746
10746
10748
10748
10752
10752
10754
10754
10756
10756
10760
10760
10763
10763
10764
10764
10767
10767
10769
10769
10771
10771
10775
10775
10778
10778
10781
10781
10785
10785
10787
10787
10790
10790
10792
10792
10794
10794
10796
10796
10798
10798
10802
10802
10803
10803
10804
10804
10808
10808
10809
10809
10812
10812
10813
10813
10814
10814
10816
10816
10819
10819
10823
10823
10826
10826
10829
10829
10830
10830
10834
10834
10836
10836
10839
10839
10840
10840
10844
10844
10848
10848
10850
10850
10854
10854
10856
10856
10857
10857
10860
10860
10863
10863
10866
10866
10867
10867
10868
10868
10872
10872
10874
10874
10878
10878
10882
10882
10884
10884
10887
10887
10891
10891
10895
10895
10899
10899
10903
10903
10904
10904
10906
10906
10909
10909
10912
10912
10916
10916
10920
10920
10923
10923
10924
10924
10926
10926
10929
10929
10930
10930
10932
10932
10936
10936
10940
10940
10943
10943
10947
10947
10949
10949
10951
10951
10954
10954
10956
10956
10958
10958
10960
10960
10963
10963
10964
10964
10966
10966
10967
10967
10970
10970
10971
10971
10975
10975
10977
10977
10978
10978
10979
10979
10983
10983
10986
10986
10989
10989
10992
10992
10994
10994
10995
10995
10999
10999
11003
11003
11006
11006
11010
11010
11011
11011
11014
11014
11017
11017
11020
11020
11022
11022
11026
11026
11030
11030
11034
11034
11036
11036
11037
11037
11039
11039
11043
11043
11044
11044
11047
11047
11051
11051
11055
11055
11058
11058
11062
11062
11063
11063
11066
11066
11070
11070
11074
11074
11076
11076
11078
11078
11081
11081
11084
11084
11087
11087
11089
11089
11091
11091
11092
11092
11093
11093
11095
11095
11098
11098
11101
11101
11102
11102
11103
11103
11105
11105
11109
11109
11113
11113
11116
11116
11117
11117
11118
11118
11121
11121
11122
11122
11125
11125
11127
11127
11131
11131
11133
11133
11134
11134
11135
11135
11139
11139
11143
11143
11147
11147
11148
11148
11150
11150
11152
11152
11156
11156
11160
11160
11163
11163
11164
11164
11168
11168
11171
11171
11174
11174
11177
11177
11178
11178
11181
11181
11184
11184
11187
11187
11189
11189
11191
11191
11192
11192
11194
11194
11197
11197
11200
11200
11203
11203
11204
11204
11205
11205
11207
11207
11209
11209
11210
11210
11212
11212
11214
11214
11215
11215
11217
11217
11219
11219
11221
11221
11224
11224
11225
11225
11226
11226
11228
11228
11230
11230
11234
11234
11238
11238
11242
11242
11244
11244
11245
11245
11247
11247
11251
11251
11254
11254
11257
11257
11259
11259
11262
11262
11263
11263
11267
11267
11269
11269
11272
11272
11276
11276
11278
11278
11282
11282
11284
11284
11286
11286
11288
11288
11291
11291
11293
11293
11296
11296
11300
11300
11303
11303
11304
11304
11305
11305
11308
11308
11310
11310
11312
11312
11315
11315
11317
11317
11318
11318
11322
11322
11324
11324
11326
11326
11330
11330
11334
11334
11338
11338
11339
11339
11341
11341
11345
11345
11349
11349
11352
11352
11354
11354
11357
11357
11361
11361
11363
11363
11367
11367
11369
11369
11372
11372
11374
11374
11377
11377
11378
11378
11380
11380
11382
11382
11383
11383
11385
11385
11389
11389
11392
11392
11395
11395
11397
11397
11401
11401
11404
11404
11406
11406
11407
11407
11411
11411
11412
11412
11416
11416
11419
11419
11420
11420
11421
11421
11424
11424
11428
11428
11432
11432
11436
11436
11438
11438
11441
11441
11442
11442
11444
11444
11448
11448
11451
11451
11454
11454
11457
11457
11460
11460
11464
11464
11468
11468
11472
11472
11473
11473
11476
11476
11478
11478
11481
11481
11482
11482
11483
11483
11484
11484
11486
11486
11487
11487
11491
11491
11493
11493
11497
11497
11500
11500
11502
11502
11506
11506
11507
11507
11508
11508
11511
11511
11515
11515
11517
11517
11519
11519
11520
11520
11523
11523
11524
11524
11527
11527
11529
11529
11532
11532
11534
11534
11535
11535
11537
11537
11538
11538
11540
11540
11541
11541
11543
11543
11547
11547
11548
11548
11550
11550
11551
11551
11553
11553
11555
11555
11559
11559
11562
11562
11563
11563
11565
11565
11569
11569
11573
11573
11575
11575
11579
11579
11582
11582
11584
11584
11585
11585
11589
11589
11591
11591
11595
11595
11599
11599
11603
11603
11604
11604
11607
11607
11608
11608
11609
11609
11613
11613
11614
11614
11616
11616
11620
11620
11622
11622
11624
11624
11628
11628
11631
11631
11633
11633
11634
11634
11638
11638
11639
11639
11642
11642
11646
11646
11649
11649
11651
11651
11655
11655
11659
11659
11660
11660
11662
11662
11663
11663
11665
11665
11666
11666
11668
11668
11669
11669
11673
11673
11675
11675
11676
11676
11678
11678
11680
11680
11681
11681
11683
11683
11686
11686
11689
11689
11690
11690
11694
11694
11698
11698
11699
11699
11702
11702
11703
11703
11704
11704
11706
11706
11707
11707
11711
11711
11713
11713
11716
11716
11717
11717
11718
11718
11721
11721
11723
11723
11725
11725
11728
11728
11731
11731
11733
11733
11734
11734
11737
11737
11738
11738
11740
11743
11743
11746
11746
11749
11749
11752
11752
11756
11756
11757
11757
11758
11758
11762
11762
11763
11763
11767
11767
11771
11771
11774
11774
11778
11778
11779
11779
11783
11783
11784
11784
11788
11788
11789
11789
11792
11792
11796
11796
11797
11797
11798
11798
11799
11799
11801
11801
11805
11805
11808
11808
11811
11811
11815
11815
11816
11816
11820
11820
11821
11821
11824
11824
11826
11826
11829
11829
11831
11831
11832
11832
11836
11836
11838
11838
11842
11842
11846
11846
11848
11848
11852
11852
11854
11854
11855
11855
11859
11859
11860
11860
11861
11861
11864
11864
11866
11866
11870
11870
11872
11872
11874
11874
11878
11878
11881
11881
11885
11885
11888
11888
11889
11889
11891
11891
11893
11893
11895
11895
11896
11896
11898
11898
11902
11902
11904
11904
11905
11905
11906
11906
11908
11908
11912
11912
11915
11915
11917
11917
11920
11920
11924
11924
11925
11925
11929
11929
11933
11933
11937
11937
11941
11941
11942
11942
11944
11944
11945
11945
11949
11949
11952
11952
11955
11955
11958
11958
11959
11959
11961
11961
11963
11963
11965
11965
11968
11968
11971
11971
11974
11974
11978
11978
11979
11979
11981
11981
11982
11982
11983
11983
11986
11986
11989
11989
11993
11993
11994
11994
11998
11998
12000
12000
12004
12004
12008
12008
12009
12009
12012
12012
12015
12015
12019
12019
12022
12022
12026
12026
12027
12027
12029
12029
12031
12031
12034
12034
12035
12035
12038
12038
12042
12042
12044
12044
12048
12048
12050
12050
12054
12054
12056
12056
12057
12057
12061
12061
12064
12064
12066
12066
12070
12070
12071
12071
12075
12075
12078
12078
12079
12079
12082
12082
12086
12086
12090
12090
12092
12092
12096
12096
12099
12099
12103
12103
12107
12107
12108
12108
12111
12111
12115
12115
12118
12118
12122
12122
12124
12124
12127
12127
12129
12129
12130
12130
12134
12134
12135
12135
12137
12137
12140
12140
12142
12142
12145
12145
12148
12148
12149
12149
12153
12153
12155
12155
12156
12156
12159
12159
12160
12160
12162
12162
12163
12163
12167
12167
12168
12168
12170
12170
12174
12174
12177
12177
12178
12178
12181
12181
12185
12185
12188
12188
12190
12190
12192
12192
12194
12194
12197
12197
12201
12201
12205
12205
12208
12208
12211
12211
12215
12215
12219
12219
12220
12220
12222
12222
12224
12224
12227
12227
12229
12229
12230
12230
12231
12231
12233
12233
12236
12236
12237
12237
12240
12240
12243
12243
12247
12247
12251
12251
12255
12255
12258
12258
12260
12260
12264
12264
12265
12265
12266
12266
12268
12268
12270
12270
12272
12272
12276
12276
12280
12280
12281
12281
12284
12284
12286
12286
12289
12289
12291
12291
12293
12293
12297
12297
12300
12300
12303
12303
12305
12305
12309
12309
12313
12313
12315
12315
12317
12317
12319
12319
12321
12321
12325
12325
12326
12326
12328
12328
12331
12331
12335
12335
12339
12339
12340
12340
12344
12344
12345
12345
12346
12346
12347
12347
12349
12349
12352
12352
12356
12356
12358
12358
12361
12361
12363
12363
12366
12366
12368
12368
12372
12372
12376
12376
12377
12377
12379
12379
12382
12382
12384
12384
12386
12386
12388
12388
12392
12392
12395
12395
12398
12398
12399
12399
12401
12401
12404
12404
12406
12406
12407
12407
12410
12410
12412
12412
12413
12413
12415
12415
12417
12417
12418
12418
12420
12420
12423
12423
12426
12426
12428
12428
12432
12432
12434
12434
12437
12437
12440
12440
12443
12443
12445
12445
12447
12447
12450
12450
12454
12454
12458
12458
12462
12462
12463
12463
12464
12464
12467
12467
12470
12470
12474
12474
12478
12478
12482
12482
12484
12484
12485
12485
12489
12489
12493
12493
12495
12495
12499
12499
12500
12500
12503
12503
12504
12504
12507
12507
12509
12509
12512
12512
12516
12516
12517
12517
12521
12521
12523
12523
12526
12526
12528
12528
12532
12532
12533
12533
12537
12537
12540
12540
