1001
3
3
5
5
9
9
11
11
15
15
18
18
19
19
21
21
23
23
26
26
30
30
33
33
37
37
41
41
44
44
45
45
48
48
49
49
50
50
54
54
55
55
59
59
61
61
64
64
67
67
70
70
74
74
78
78
82
82
84
84
87
87
90
90
93
93
95
95
99
99
101
101
102
102
106
106
109
109
111
111
113
113
115
115
119
119
120
120
122
122
125
125
126
126
130
130
133
133
135
135
138
138
142
142
143
143
144
144
146
146
149
149
152
152
153
153
155
155
157
157
159
159
160
160
164
164
165
165
167
167
170
170
172
172
174
174
176
176
177
177
181
181
184
184
186
186
189
189
193
193
196
196
197
197
201
201
204
204
208
208
209
209
210
210
213
213
214
214
215
215
219
219
223
223
226
226
230
230
231
231
232
232
233
233
234
234
238
238
239
239
242
242
245
245
248
248
252
252
256
256
259
259
262
262
265
265
269
269
271
271
273
273
276
276
278
278
279
279
280
280
281
281
283
283
284
284
287
287
289
289
291
291
293
293
294
294
298
298
299
299
301
301
305
305
307
307
309
309
313
313
315
315
319
319
321
321
325
325
329
329
330
330
332
332
334
334
337
337
339
339
342
342
346
346
350
350
351
351
352
352
356
356
357
357
359
359
363
363
367
367
370
370
371
371
372
372
376
376
377
377
379
379
380
380
384
384
387
387
389
389
392
392
396
396
398
398
402
402
406
406
407
407
408
408
409
409
411
411
414
414
416
416
417
417
420
420
421
421
422
422
425
425
429
429
430
430
434
434
438
438
442
442
444
444
448
448
449
449
450
450
454
454
456
456
457
457
461
461
465
465
468
468
470
470
473
473
477
477
479
479
481
481
485
485
487
490
490
491
491
495
495
499
499
500
500
502
502
503
503
504
504
508
508
512
512
514
514
517
517
520
520
521
521
522
522
525
525
526
526
527
527
529
529
531
531
533
533
534
534
535
535
539
539
542
542
546
546
549
549
553
553
554
554
556
556
557
557
560
560
562
562
566
566
569
569
572
572
574
574
577
577
580
580
581
581
583
583
587
587
591
591
592
592
593
593
597
597
600
600
601
601
605
605
609
609
612
612
613
613
614
614
617
617
621
621
624
624
626
626
628
628
630
630
633
633
636
636
638
638
639
639
640
640
641
641
644
644
647
647
649
649
650
650
651
651
654
654
657
657
658
658
660
660
663
663
664
664
665
665
666
666
667
667
671
671
675
675
678
678
679
679
683
683
685
685
689
689
691
691
694
694
696
696
699
699
700
700
704
704
708
708
710
710
714
714
715
715
719
719
721
721
723
723
724
724
727
727
731
731
734
734
737
737
738
738
739
739
742
742
743
743
744
744
747
747
748
748
752
752
754
754
755
755
759
759
762
762
766
766
767
767
768
768
769
769
773
773
775
775
776
776
779
779
782
782
786
786
789
789
791
791
793
793
794
794
796
796
800
800
804
804
808
808
810
810
811
811
815
815
819
819
820
820
824
824
826
826
827
827
831
831
834
834
835
835
838
838
839
839
840
840
843
843
845
845
846
846
848
848
851
851
852
852
853
853
854
854
855
855
858
858
860
860
862
862
865
865
869
869
870
870
873
873
876
876
878
878
881
881
884
884
885
885
888
888
890
890
892
892
896
896
897
897
898
898
902
902
905
905
906
906
910
910
912
912
914
914
915
915
918
918
922
922
923
923
926
926
930
930
931
931
933
933
935
935
937
937
941
941
942
942
944
944
946
946
949
949
952
952
956
956
957
957
960
960
963
963
966
966
967
967
969
969
972
972
973
973
974
974
976
976
977
977
978
978
981
981
984
984
985
985
986
986
988
988
989
989
993
993
995
995
997
997
998
998
1001
1001
1004
1004
1008
1008
1011
1011
1012
1012
1014
1014
1015
1015
1018
1018
1019
1019
1021
1021
1023
1023
1026
1026
1030
1030
1032
1032
1036
1036
1038
1038
1040
1040
1041
1041
1044
1044
1046
1046
1047
1047
1048
1048
1052
1052
1053
1053
1055
1055
1057
1057
1058
1058
1059
1059
1062
1062
1064
1064
1065
1065
1066
1066
1067
1067
1071
1071
1074
1074
1075
1075
1076
1076
1079
1079
1082
1082
1084
1084
1088
1088
1092
1092
1096
1096
1099
1099
1100
1100
1104
1104
1105
1105
1107
1107
1111
1111
1114
1114
1118
1118
1122
1122
1126
1126
1129
1129
1133
1133
1134
1134
1138
1138
1142
1142
1143
1143
1145
1145
1147
1147
1148
1148
1150
1150
1152
1152
1156
1156
1160
1160
1162
1162
1163
1163
1166
1166
1170
1170
1172
1172
1174
1174
1178
1178
1179
1179
1180
1180
1184
1184
1188
1188
1189
1189
1191
1191
1194
1194
1197
1197
1198
1198
1200
1200
1202
1202
1205
1205
1206
1206
1208
1208
1211
1211
