100
50
1000
16 665 1
6 501 8
25 904 7
18 591 5
7 683 6
22 88 1
24 497 9
22 565 7
31 414 9
49 389 2
6 586 1
48 573 4
9 566 5
17 538 1
20 381 6
46 510 3
24 76 3
27 281 9
16 865 6
5 887 5
10 433 6
6 570 9
41 985 5
1 883 1
24 649 3
17 561 6
31 825 8
25 340 9
19 688 7
17 900 2
48 421 9
36 632 2
40 37 4
29 973 2
32 317 9
6 186 3
25 667 8
16 260 3
49 245 7
7 38 6
41 745 1
5 952 3
4 390 1
48 904 8
6 751 7
1 32 3
33 255 2
18 651 9
46 66 1
25 80 3
18 301 7
33 879 2
28 385 5
43 804 8
45 456 2
46 272 5
20 968 7
11 933 9
29 226 9
9 532 8
17 192 9
7 906 3
20 26 9
45 306 2
23 719 6
34 301 7
40 955 3
21 350 8
42 462 6
3 818 5
15 892 7
20 993 1
22 229 7
30 270 6
46 21 2
28 669 3
30 530 4
34 574 9
13 454 1
14 516 6
16 994 6
41 473 6
20 266 9
33 322 8
30 601 8
1 121 9
45 310 7
40 699 2
45 660 6
38 979 6
38 346 9
2 232 2
46 981 7
45 901 2
40 453 8
17 917 3
6 752 4
7 911 1
41 746 3
11 156 7
