1000
50
500
16 665 1
6 501 8
25 904 7
18 591 5
7 683 6
22 88 1
24 497 9
22 565 7
31 414 9
49 389 2
6 586 1
48 573 4
9 566 5
17 538 1
20 381 6
46 510 3
24 76 3
27 281 9
16 865 6
5 887 5
10 433 6
6 570 9
41 985 5
1 883 1
24 649 3
17 561 6
31 825 8
25 340 9
19 688 7
17 900 2
48 421 9
36 632 2
40 37 4
29 973 2
32 317 9
6 186 3
25 667 8
16 260 3
49 245 7
7 38 6
41 745 1
5 952 3
4 390 1
48 904 8
6 751 7
1 32 3
33 255 2
18 651 9
46 66 1
25 80 3
18 301 7
33 879 2
28 385 5
43 804 8
45 456 2
46 272 5
20 968 7
11 933 9
29 226 9
9 532 8
17 192 9
7 906 3
20 26 9
45 306 2
23 719 6
34 301 7
40 955 3
21 350 8
42 462 6
3 818 5
15 892 7
20 993 1
22 229 7
30 270 6
46 21 2
28 669 3
30 530 4
34 574 9
13 454 1
14 516 6
16 994 6
41 473 6
20 266 9
33 322 8
30 601 8
1 121 9
45 310 7
40 699 2
45 660 6
38 979 6
38 346 9
2 232 2
46 981 7
45 901 2
40 453 8
17 917 3
6 752 4
7 911 1
41 746 3
11 156 7
13 957 1
17 763 5
5 565 5
36 591 3
2 830 4
48 303 9
9 114 4
12 794 4
47 917 9
28 937 3
17 89 3
39 84 7
37 396 4
29 10 8
3 528 9
38 988 3
41 793 9
11 689 1
38 377 8
24 795 6
10 363 4
33 423 4
47 209 4
7 420 2
3 396 7
30 151 2
10 41 9
4 536 5
18 266 3
48 977 3
6 826 5
7 926 3
19 602 4
1 574 8
37 997 7
37 139 4
46 300 7
30 596 9
4 538 2
15 45 7
41 769 4
12 84 2
14 788 7
39 717 5
13 442 9
46 647 3
24 883 5
35 99 4
2 264 9
6 474 6
27 243 9
30 215 2
46 531 4
25 120 9
31 118 8
18 204 6
10 246 4
31 4 3
32 13 3
39 975 8
41 434 8
48 369 4
24 269 4
29 174 4
26 938 4
1 997 7
39 489 9
40 994 1
41 546 4
42 682 7
11 166 6
34 484 5
34 3 3
23 946 6
35 32 5
43 700 1
40 318 1
3 487 2
17 587 7
37 318 2
21 434 3
49 898 8
47 924 1
22 762 8
46 531 3
7 348 7
21 854 8
48 296 8
24 955 7
36 2 9
22 692 9
19 459 4
34 672 9
41 37 5
21 289 4
7 523 7
1 20 6
35 984 4
11 849 2
15 442 1
47 881 8
21 51 8
19 434 2
35 34 2
42 234 9
30 66 7
42 228 8
28 476 8
40 578 9
1 559 9
45 18 5
3 542 8
25 595 9
6 255 5
26 847 4
32 620 4
30 641 6
47 46 4
30 566 4
4 439 4
9 104 3
16 532 3
45 184 3
39 168 3
35 520 3
14 248 2
30 873 1
41 417 2
30 300 7
9 89 5
46 508 9
44 876 7
25 243 1
12 759 4
40 180 1
7 18 3
37 775 2
29 962 3
9 773 3
26 503 1
32 993 5
22 262 7
3 286 4
4 662 4
30 644 3
18 79 9
48 306 1
8 965 6
46 822 2
45 442 1
13 265 3
47 829 1
25 232 6
40 809 1
28 294 5
32 640 2
18 816 8
14 975 9
11 535 2
45 950 1
30 591 4
11 685 2
33 388 6
31 381 5
22 141 1
45 846 8
3 516 2
42 643 4
41 909 7
10 368 9
27 959 6
31 677 6
43 502 4
23 719 4
22 709 7
26 397 7
3 861 7
2 844 9
33 592 8
1 365 4
46 167 6
40 699 5
29 792 1
38 114 8
12 36 6
34 8 4
41 950 9
1 400 4
21 331 9
23 995 4
46 63 9
31 406 3
28 427 2
29 515 7
20 488 4
23 485 2
33 72 7
7 763 8
42 923 5
25 896 7
24 333 7
12 908 5
19 739 8
37 327 8
2 391 7
31 77 5
48 64 4
15 213 1
26 523 3
22 150 8
1 613 7
10 644 3
39 659 4
24 169 6
45 287 7
26 49 1
5 179 1
22 909 4
23 78 4
45 15 7
6 715 8
6 959 3
26 873 4
6 164 8
23 65 7
46 501 1
16 957 8
4 786 5
30 750 8
29 929 5
33 782 6
23 360 8
49 290 7
41 591 8
36 311 7
44 558 1
37 408 3
28 644 5
31 479 6
27 153 7
33 96 4
15 79 1
22 587 2
47 438 6
22 80 1
33 799 9
24 645 1
36 233 5
48 752 6
42 437 3
3 147 7
1 469 4
31 927 3
29 832 8
46 627 6
11 813 3
17 892 6
32 540 4
15 822 6
48 209 2
14 347 2
47 21 9
28 26 9
49 932 1
10 771 6
3 133 6
14 293 5
43 380 4
16 599 4
15 585 5
19 772 9
16 974 2
21 270 7
5 683 3
25 214 6
4 97 3
28 694 5
18 370 6
19 74 8
29 994 6
45 134 3
16 73 3
49 282 9
29 407 7
37 561 2
21 527 9
45 400 9
27 508 7
44 393 6
25 874 1
14 163 8
34 322 6
32 653 9
45 620 1
15 436 2
13 309 6
38 371 9
5 915 2
19 40 7
38 342 7
31 128 7
22 886 4
21 312 7
5 673 5
22 373 7
12 624 7
17 959 9
27 918 3
9 745 6
41 75 3
48 339 4
37 671 5
21 425 1
6 40 6
20 483 9
49 36 9
25 224 5
47 885 2
43 809 8
2 388 8
8 215 4
24 732 8
31 699 8
19 770 9
29 845 5
36 80 4
46 219 9
10 635 3
30 242 1
20 798 2
34 645 7
46 909 7
35 915 3
20 256 7
21 321 5
49 204 1
22 247 2
15 689 6
45 888 4
37 589 7
25 864 3
13 490 3
42 700 6
39 357 9
11 499 6
19 609 9
30 441 3
13 219 6
20 545 9
49 512 1
5 944 7
1 619 2
3 424 8
12 340 5
30 854 8
48 812 3
47 13 2
32 954 2
14 710 7
17 803 3
20 468 2
9 630 6
28 919 5
13 250 2
43 876 7
30 559 6
31 63 1
23 789 9
22 711 8
17 434 7
10 983 6
21 506 3
18 928 3
41 233 9
36 774 1
8 54 1
34 117 7
46 405 3
7 136 9
43 573 8
2 229 1
45 486 9
20 244 8
39 364 6
3 467 5
7 126 3
44 589 9
18 153 8
10 769 8
32 150 4
9 534 6
13 671 3
47 628 1
2 606 4
42 573 2
4 123 8
29 97 9
44 992 8
29 601 2
8 352 5
43 958 7
10 842 9
23 228 7
6 45 9
48 523 3
42 158 9
44 2 6
43 609 5
32 946 1
30 586 1
27 102 2
27 721 4
37 649 6
16 566 3
12 117 2
34 767 6
33 799 6
14 84 2
38 490 2
27 787 9
2 407 1
35 320 1
30 196 9
44 382 5
28 484 5
30 76 6
9 279 2
36 627 2
18 395 3
27 900 6
21 216 8
4 297 1
34 706 5
34 389 8
9 108 3
12 668 7
40 383 4
42 535 1
7 733 8
25 642 5
32 566 4
1 889 4
12 488 7
8 12 8
9 307 7
32 929 6
6 645 8
12 254 2
25 557 5
33 482 7
14 815 6
22 247 1
44 812 9
16 147 2
25 629 9
6 464 1
36 8 6
42 976 5
47 278 1
31 745 5
13 840 1
20 216 2
6 451 1
19 250 3
38 721 9
23 971 4
43 387 1
41 70 4
7 117 9
3 416 6
7 172 6
3 670 6
40 517 4
37 920 8
5 171 8
8 295 4
23 940 2
15 470 6
1 699 3
49 342 4
2 161 5
23 407 6
42 891 9
4 581 1
28 903 8
39 926 5
44 113 6
33 470 7
47 974 2
41 622 1
48 877 6
23 580 8
49 944 5
29 860 9
34 576 9
5 531 5
13 697 7
11 617 8
36 642 7
49 606 6
3 924 9
4 489 3
14 967 9
19 597 4
16 298 3
9 239 2
2 435 4
25 545 6
1 319 8
21 612 1
47 329 7
21 68 7
28 516 1
8 3 4
23 108 2
46 735 6
33 529 7
26 39 2
8 16 3
37 871 2
4 227 6
2 679 2
24 808 2
6 838 5
34 69 4
39 73 7
30 383 4
20 696 5
29 68 2
38 419 6
7 75 6
27 960 7
17 563 4
39 570 5
14 859 8
11 447 8
37 291 2
2 543 4
27 32 6
19 791 8
49 155 2
25 449 5
11 742 7
46 550 1
33 314 4
44 702 8
36 169 1
47 961 3
43 119 7
1 375 4
47 319 3
41 896 1
34 786 2
10 797 9
14 486 7
40 639 6
22 330 4
39 939 8
22 884 1
45 232 4
46 836 5
37 55 9
49 565 2
5 368 5
36 35 2
15 704 9
48 543 3
31 560 3
9 579 5
12 70 9
5 385 5
46 835 5
17 869 9
21 229 5
21 183 3
39 762 2
29 232 4
32 199 3
45 342 6
18 62 1
49 451 8
37 266 3
22 683 6
47 208 9
14 638 9
38 896 5
18 903 1
22 145 8
41 840 7
2 33 5
47 950 3
31 713 7
39 810 3
35 808 3
8 792 8
10 515 3
48 962 3
24 833 3
22 249 4
1 944 7
26 271 2
47 614 3
16 246 1
8 36 7
39 930 4
30 832 5
31 784 2
19 454 6
22 323 9
49 168 7
15 52 7
27 704 6
15 830 8
19 111 5
22 473 6
47 274 9
33 408 9
3 778 4
32 530 9
8 659 3
40 479 9
28 940 9
1 474 1
9 890 1
35 997 6
39 25 7
35 767 9
25 190 3
34 279 9
34 847 1
41 275 1
20 833 4
34 855 9
39 585 7
4 58 2
15 923 8
9 732 9
11 549 7
49 548 7
42 768 5
48 379 9
36 150 3
23 783 9
38 830 8
40 400 9
16 684 4
2 956 6
45 624 4
2 902 9
45 604 2
45 106 1
41 886 6
12 886 3
12 298 2
44 11 5
6 22 4
33 74 3
14 933 3
26 791 5
49 644 5
23 339 2
43 151 5
35 68 6
33 228 4
25 932 5
26 241 6
48 76 7
3 605 3
7 660 9
2 507 4
44 632 1
33 416 5
4 6 7
28 342 9
49 536 3
13 705 9
28 814 1
7 258 2
39 659 2
41 638 4
47 82 4
19 530 5
46 434 8
42 115 8
22 871 3
31 712 5
35 98 6
11 380 3
33 213 2
26 387 7
35 266 7
37 468 4
31 583 5
7 396 9
47 415 6
38 12 5
5 706 3
45 12 2
22 533 8
41 930 5
5 428 9
13 658 9
47 37 4
18 6 3
2 471 1
5 123 3
48 230 4
7 43 7
35 101 6
34 219 8
39 597 1
2 755 1
46 941 8
20 870 5
14 376 5
1 47 8
15 314 3
48 556 7
16 590 6
49 911 8
27 343 9
41 431 7
16 364 1
44 722 6
30 622 1
25 477 9
18 17 5
17 947 2
19 281 5
4 987 6
4 278 4
32 298 2
2 706 3
10 695 5
29 550 3
10 743 9
13 833 7
34 331 7
32 716 8
6 90 4
24 387 2
46 487 3
19 301 4
44 53 3
41 611 4
34 508 6
13 72 1
2 334 5
49 568 8
27 365 5
32 354 4
48 596 2
11 803 3
49 59 1
11 802 6
18 656 1
7 534 9
49 734 7
8 640 5
11 815 7
17 965 7
19 86 8
14 37 1
48 243 5
41 556 6
18 370 2
41 583 5
29 29 7
17 319 7
34 325 1
43 138 9
26 860 4
20 700 4
47 956 1
8 681 8
37 205 6
35 753 2
3 680 3
2 755 4
36 265 3
34 574 3
22 755 5
3 403 2
46 40 1
48 5 7
28 102 2
47 423 8
29 503 1
12 76 8
17 499 9
2 590 7
37 31 3
48 626 9
3 411 3
49 910 7
34 836 7
19 840 4
1 223 9
18 732 3
22 687 5
18 130 9
42 636 3
22 66 5
31 118 2
12 468 9
31 235 8
28 186 1
35 510 7
12 889 1
7 795 1
13 494 4
14 278 7
37 620 9
34 205 1
8 789 7
16 660 8
25 74 2
43 452 7
5 299 4
21 408 5
9 277 1
25 497 9
6 535 7
6 579 3
31 479 8
31 144 8
40 410 9
27 836 2
3 645 1
28 851 3
32 858 8
37 235 9
34 179 3
44 192 3
49 392 4
16 965 1
28 430 3
21 406 1
28 686 5
11 878 9
27 776 9
48 313 1
29 47 6
11 317 6
27 46 8
47 586 9
30 754 6
12 903 7
28 205 6
40 956 1
19 286 1
28 469 7
46 721 7
30 577 6
34 335 6
5 753 7
12 413 4
8 724 6
18 242 1
44 609 2
17 398 7
26 465 7
48 46 6
34 755 4
17 504 5
2 683 1
8 976 7
14 96 1
35 165 6
15 589 3
47 808 4
31 474 9
4 461 7
42 536 3
13 732 9
43 815 5
34 652 8
17 715 5
8 907 5
28 433 8
20 967 3
12 795 8
31 824 8
29 338 3
35 70 5
33 634 8
32 784 2
49 372 6
36 401 3
10 550 2
26 711 5
49 280 5
8 160 1
3 675 3
19 739 9
28 416 1
32 546 9
38 386 2
14 750 4
43 522 4
